Chosen atom: Atom: Y, Position: [-0.       -3.55915   1.572325]

(0.0, 0.0, -3.14465), # V, 3.14465
(0.0, 0.0, 3.14465), # V, 3.14465
(-3.55915, 0.0, 1.57232), # Y, 3.89098
(3.55915, 0.0, 1.57232), # Y, 3.89098
(0.0, -3.55915, -1.57232), # Y, 3.89098
(0.0, 3.55915, -1.57232), # Y, 3.89098
(0.0, -3.55915, 1.57232), # V, 3.89098
(0.0, 3.55915, 1.57232), # V, 3.89098
(-3.55915, 0.0, -1.57232), # V, 3.89098
(3.55915, 0.0, -1.57232), # V, 3.89098
(-3.55915, -3.55915, 0.0), # V, 5.0334
(-3.55915, 3.55915, 0.0), # V, 5.0334
(3.55915, -3.55915, 0.0), # V, 5.0334
(3.55915, 3.55915, 0.0), # V, 5.0334
(-3.55915, 0.0, -4.71697), # Y, 5.90909
(3.55915, 0.0, -4.71697), # Y, 5.90909
(0.0, -3.55915, 4.71697), # Y, 5.90909
(0.0, 3.55915, 4.71697), # Y, 5.90909
(0.0, -3.55915, -4.71697), # V, 5.90909
(0.0, 3.55915, -4.71697), # V, 5.90909
(-3.55915, 0.0, 4.71697), # V, 5.90909
(3.55915, 0.0, 4.71697), # V, 5.90909
(-3.55915, -3.55915, -3.14465), # Y, 5.93497
(-3.55915, -3.55915, 3.14465), # Y, 5.93497
(-3.55915, 3.55915, -3.14465), # Y, 5.93497
(-3.55915, 3.55915, 3.14465), # Y, 5.93497
(3.55915, -3.55915, -3.14465), # Y, 5.93497
(3.55915, -3.55915, 3.14465), # Y, 5.93497
(3.55915, 3.55915, -3.14465), # Y, 5.93497
(3.55915, 3.55915, 3.14465), # Y, 5.93497
(0.0, 0.0, -6.2893), # Y, 6.2893
(0.0, 0.0, 6.2893), # Y, 6.2893
(-7.1183, 0.0, 0.0), # Y, 7.1183
(0.0, -7.1183, 0.0), # Y, 7.1183
(0.0, 7.1183, 0.0), # Y, 7.1183
(7.1183, 0.0, 0.0), # Y, 7.1183
(-7.1183, 0.0, -3.14465), # V, 7.78197
(-7.1183, 0.0, 3.14465), # V, 7.78197
(0.0, -7.1183, -3.14465), # V, 7.78197
(0.0, -7.1183, 3.14465), # V, 7.78197
(0.0, 7.1183, -3.14465), # V, 7.78197
(0.0, 7.1183, 3.14465), # V, 7.78197
(7.1183, 0.0, -3.14465), # V, 7.78197
(7.1183, 0.0, 3.14465), # V, 7.78197
(-3.55915, -3.55915, -6.2893), # V, 8.05546
(-3.55915, -3.55915, 6.2893), # V, 8.05546
(-3.55915, 3.55915, -6.2893), # V, 8.05546
(-3.55915, 3.55915, 6.2893), # V, 8.05546
(3.55915, -3.55915, -6.2893), # V, 8.05546
(3.55915, -3.55915, 6.2893), # V, 8.05546


(V, (-0.0, -3.55915, -1.572325), (0.0, 0.0, -3.14465), 3.14465)
(V, (0.0, -3.55915, 4.716975), (0.0, 0.0, 3.14465), 3.14465)
(Y, (-3.55915, -3.55915, 3.14465), (-3.55915, 0.0, 1.57232), 3.89098)
(Y, (3.55915, -3.55915, 3.14465), (3.55915, 0.0, 1.57232), 3.89098)
(Y, (-0.0, -7.1183, 0.0), (0.0, -3.55915, -1.57232), 3.89098)
(Y, (0.0, 0.0, 0.0), (0.0, 3.55915, -1.57232), 3.89098)
(V, (-0.0, -7.1183, 3.14465), (0.0, -3.55915, 1.57232), 3.89098)
(V, (0.0, 0.0, 3.14465), (0.0, 3.55915, 1.57232), 3.89098)
(V, (-3.55915, -3.55915, 0.0), (-3.55915, 0.0, -1.57232), 3.89098)
(V, (3.55915, -3.55915, 0.0), (3.55915, 0.0, -1.57232), 3.89098)
(V, (-3.55915, -7.1183, 1.572325), (-3.55915, -3.55915, 0.0), 5.0334)
(V, (-3.55915, 0.0, 1.572325), (-3.55915, 3.55915, 0.0), 5.0334)
(V, (3.55915, -7.1183, 1.572325), (3.55915, -3.55915, 0.0), 5.0334)
(V, (3.55915, 0.0, 1.572325), (3.55915, 3.55915, 0.0), 5.0334)
(Y, (-3.55915, -3.55915, -3.14465), (-3.55915, 0.0, -4.71697), 5.90909)
(Y, (3.55915, -3.55915, -3.14465), (3.55915, 0.0, -4.71697), 5.90909)
(Y, (-0.0, -7.1183, 6.2893), (0.0, -3.55915, 4.71697), 5.90909)
(Y, (0.0, 0.0, 6.2893), (0.0, 3.55915, 4.71697), 5.90909)
(V, (-0.0, -7.1183, -3.14465), (0.0, -3.55915, -4.71697), 5.90909)
(V, (-0.0, -0.0, -3.14465), (0.0, 3.55915, -4.71697), 5.90909)
(V, (-3.55915, -3.55915, 6.2893), (-3.55915, 0.0, 4.71697), 5.90909)
(V, (3.55915, -3.55915, 6.2893), (3.55915, 0.0, 4.71697), 5.90909)
(Y, (-3.55915, -7.1183, -1.572325), (-3.55915, -3.55915, -3.14465), 5.93497)
(Y, (-3.55915, -7.1183, 4.716975), (-3.55915, -3.55915, 3.14465), 5.93497)
(Y, (-3.55915, -0.0, -1.572325), (-3.55915, 3.55915, -3.14465), 5.93497)
(Y, (-3.55915, 0.0, 4.716975), (-3.55915, 3.55915, 3.14465), 5.93497)
(Y, (3.55915, -7.1183, -1.572325), (3.55915, -3.55915, -3.14465), 5.93497)
(Y, (3.55915, -7.1183, 4.716975), (3.55915, -3.55915, 3.14465), 5.93497)
(Y, (3.55915, -0.0, -1.572325), (3.55915, 3.55915, -3.14465), 5.93497)
(Y, (3.55915, 0.0, 4.716975), (3.55915, 3.55915, 3.14465), 5.93497)
