-207.91,0.043203,0.043403,0.0002
-207.61,0.043203,0.043203,0
-207.3,0.043603,0.043203,-0.0004
-207,0.043003,0.043403,0.0004
-206.7,0.044003,0.043603,-0.0004
-206.39,0.043403,0.043403,0
-206.09,0.043403,0.042803,-0.0006
-205.78,0.043403,0.043203,-0.0002
-205.48,0.043003,0.043403,0.0004
-205.17,0.043203,0.043603,0.0004
-204.87,0.043603,0.043203,-0.0004
-204.56,0.043403,0.043403,0
-204.26,0.043403,0.043403,0
-203.95,0.043403,0.042803,-0.0006
-203.65,0.043203,0.042803,-0.0004
-203.34,0.043403,0.043003,-0.0004
-203.04,0.043203,0.043403,0.0002
-202.73,0.043603,0.043203,-0.0004
-202.43,0.042603,0.043003,0.0004
-202.12,0.043203,0.042603,-0.0006
-201.82,0.043003,0.042803,-0.0002
-201.51,0.043603,0.043003,-0.0006
-201.21,0.043203,0.043003,-0.0002
-200.9,0.043803,0.043203,-0.0006
-200.6,0.043003,0.043203,0.0002
-200.29,0.043003,0.042803,-0.0002
-199.99,0.042803,0.042603,-0.0002
-199.68,0.043203,0.043003,-0.0002
-199.38,0.042803,0.043003,0.0002
-199.07,0.043003,0.043003,0
-198.77,0.043203,0.042803,-0.0004
-198.46,0.043203,0.042403,-0.0008
-198.16,0.043403,0.043003,-0.0004
-197.85,0.043003,0.042203,-0.0008
-197.55,0.042803,0.042803,0
-197.24,0.043203,0.042403,-0.0008
-196.94,0.043003,0.042803,-0.0002
-196.63,0.043203,0.042803,-0.0004
-196.33,0.042603,0.042803,0.0002
-196.02,0.043003,0.042603,-0.0004
-195.72,0.043203,0.043003,-0.0002
-195.41,0.042803,0.042603,-0.0002
-195.11,0.042803,0.042403,-0.0004
-194.8,0.042803,0.042803,0
-194.5,0.042803,0.042403,-0.0004
-194.2,0.042803,0.042603,-0.0002
-193.89,0.042603,0.042203,-0.0004
-193.59,0.043003,0.042403,-0.0006
-193.28,0.043203,0.042003,-0.0012
-192.98,0.042803,0.042003,-0.0008
-192.67,0.042803,0.042603,-0.0002
-192.37,0.043003,0.042603,-0.0004
-192.06,0.042803,0.042403,-0.0004
-191.76,0.042803,0.042403,-0.0004
-191.45,0.042403,0.042003,-0.0004
-191.15,0.042403,0.042003,-0.0004
-190.84,0.042403,0.042203,-0.0002
-190.54,0.043003,0.042403,-0.0006
-190.23,0.042803,0.042203,-0.0006
-189.93,0.042803,0.042203,-0.0006
-189.62,0.042603,0.042603,0
-189.32,0.042803,0.042403,-0.0004
-189.01,0.042003,0.041803,-0.0002
-188.71,0.042603,0.042403,-0.0002
-188.4,0.042803,0.041803,-0.001
-188.1,0.042403,0.041803,-0.0006
-187.79,0.042003,0.042003,0
-187.49,0.042003,0.042003,0
-187.18,0.042203,0.041403,-0.0008
-186.88,0.042203,0.042003,-0.0002
-186.57,0.042003,0.041403,-0.0006
-186.27,0.042003,0.042003,0
-185.96,0.042003,0.041403,-0.0006
-185.66,0.042203,0.041803,-0.0004
-185.35,0.042403,0.041603,-0.0008
-185.05,0.042403,0.041403,-0.001
-184.74,0.041803,0.042403,0.0006
-184.44,0.042603,0.041803,-0.0008
-184.13,0.042003,0.042203,0.0002
-183.83,0.042203,0.042003,-0.0002
-183.52,0.042403,0.041803,-0.0006
-183.22,0.041803,0.041003,-0.0008
-182.91,0.041603,0.042003,0.0004
-182.61,0.042003,0.041603,-0.0004
-182.3,0.042203,0.042403,0.0002
-182,0.041403,0.041203,-0.0002
-181.7,0.041603,0.041403,-0.0002
-181.39,0.041803,0.041003,-0.0008
-181.09,0.041803,0.041003,-0.0008
-180.78,0.042003,0.042203,0.0002
-180.48,0.042003,0.041203,-0.0008
-180.17,0.041803,0.042003,0.0002
-179.87,0.041603,0.041603,0
-179.56,0.041603,0.041203,-0.0004
-179.26,0.041803,0.041203,-0.0006
-178.95,0.041803,0.041403,-0.0004
-178.65,0.041203,0.041803,0.0006
-178.34,0.041203,0.041403,0.0002
-178.04,0.041803,0.041203,-0.0006
-177.73,0.041603,0.041803,0.0002
-177.43,0.041203,0.041403,0.0002
-177.12,0.041403,0.041403,0
-176.82,0.041603,0.041403,-0.0002
-176.51,0.041003,0.041203,0.0002
-176.21,0.041403,0.041003,-0.0004
-175.9,0.041603,0.040803,-0.0008
-175.6,0.041603,0.041203,-0.0004
-175.29,0.041403,0.040803,-0.0006
-174.99,0.041203,0.041203,0
-174.68,0.041403,0.040403,-0.001
-174.38,0.041203,0.040203,-0.001
-174.07,0.040803,0.041803,0.001
-173.77,0.040803,0.041003,0.0002
-173.46,0.041403,0.040203,-0.0012
-173.16,0.041403,0.040803,-0.0006
-172.85,0.041203,0.040603,-0.0006
-172.55,0.041003,0.040403,-0.0006
-172.24,0.040803,0.040203,-0.0006
-171.94,0.041003,0.040803,-0.0002
-171.63,0.040403,0.041403,0.001
-171.33,0.041003,0.040403,-0.0006
-171.02,0.040603,0.040803,0.0002
-170.72,0.041003,0.041203,0.0002
-170.41,0.041003,0.040403,-0.0006
-170.11,0.040803,0.041003,0.0002
-169.8,0.041203,0.041203,0
-169.5,0.040403,0.041003,0.0006
-169.2,0.040603,0.041003,0.0004
-168.89,0.040603,0.040803,0.0002
-168.59,0.041003,0.041203,0.0002
-168.28,0.040203,0.041003,0.0008
-167.98,0.040403,0.040403,0
-167.67,0.040603,0.040403,-0.0002
-167.37,0.041003,0.040603,-0.0004
-167.06,0.040803,0.040803,0
-166.76,0.040803,0.041003,0.0002
-166.45,0.040003,0.041403,0.0014
-166.15,0.040203,0.040203,0
-165.84,0.041003,0.040203,-0.0008
-165.54,0.040603,0.040403,-0.0002
-165.23,0.040203,0.040803,0.0006
-164.93,0.040203,0.040803,0.0006
-164.62,0.040203,0.040803,0.0006
-164.32,0.039803,0.040403,0.0006
-164.01,0.040203,0.040603,0.0004
-163.71,0.040403,0.040403,0
-163.4,0.040203,0.040203,0
-163.1,0.040403,0.040203,-0.0002
-162.79,0.041203,0.040203,-0.001
-162.49,0.040203,0.040003,-0.0002
-162.18,0.040603,0.040603,0
-161.88,0.040603,0.040803,0.0002
-161.57,0.040403,0.040603,0.0002
-161.27,0.040203,0.040203,0
-160.96,0.040403,0.040403,0
-160.66,0.040603,0.040403,-0.0002
-160.35,0.040003,0.040603,0.0006
-160.05,0.040603,0.040403,-0.0002
-159.74,0.041203,0.040603,-0.0006
-159.44,0.040403,0.040203,-0.0002
-159.13,0.040203,0.040603,0.0004
-158.83,0.041403,0.040603,-0.0008
-158.52,0.040603,0.040403,-0.0002
-158.22,0.040403,0.040003,-0.0004
-157.91,0.040203,0.039403,-0.0008
-157.61,0.040003,0.040203,0.0002
-157.3,0.039803,0.039803,0
-157,0.040403,0.040003,-0.0004
-156.7,0.040003,0.039603,-0.0004
-156.39,0.040803,0.039803,-0.001
-156.09,0.040403,0.039203,-0.0012
-155.78,0.040003,0.039002,-0.001001
-155.48,0.039803,0.039203,-0.0006
-155.17,0.040403,0.039403,-0.001
-154.87,0.040203,0.039603,-0.0006
-154.56,0.040203,0.039403,-0.0008
-154.26,0.040203,0.039803,-0.0004
-153.95,0.039002,0.039803,0.000801
-153.65,0.039403,0.040203,0.0008
-153.34,0.040003,0.039403,-0.0006
-153.04,0.039603,0.039603,0
-152.73,0.039603,0.039603,0
-152.43,0.040203,0.039203,-0.001
-152.12,0.039403,0.039203,-0.0002
-151.82,0.039403,0.039603,0.0002
-151.51,0.040003,0.039403,-0.0006
-151.21,0.039803,0.039203,-0.0006
-150.9,0.039803,0.039002,-0.000801
-150.6,0.040003,0.039002,-0.001001
-150.29,0.039203,0.039002,-0.000201
-149.99,0.039603,0.039403,-0.0002
-149.68,0.039203,0.039002,-0.000201
-149.38,0.039603,0.039002,-0.000601
-149.07,0.039803,0.039002,-0.000801
-148.77,0.038602,0.039002,0.0004
-148.46,0.039403,0.038202,-0.001201
-148.16,0.039803,0.037802,-0.002001
-147.85,0.039603,0.038602,-0.001001
-147.55,0.039603,0.038802,-0.000801
-147.24,0.039002,0.038602,-0.0004
-146.94,0.039203,0.039203,0
-146.63,0.038602,0.039002,0.0004
-146.33,0.039002,0.038602,-0.0004
-146.02,0.039002,0.039203,0.000201
-145.72,0.038402,0.038602,0.0002
-145.41,0.038602,0.038802,0.0002
-145.11,0.038802,0.038602,-0.0002
-144.8,0.039002,0.037402,-0.0016
-144.5,0.038202,0.038002,-0.0002
-144.2,0.038802,0.038402,-0.0004
-143.89,0.038602,0.038202,-0.0004
-143.59,0.038202,0.039002,0.0008
-143.28,0.038402,0.038202,-0.0002
-142.98,0.038402,0.039203,0.000801
-142.67,0.038602,0.038202,-0.0004
-142.37,0.038802,0.038402,-0.0004
-142.06,0.038402,0.038202,-0.0002
-141.76,0.039002,0.037802,-0.0012
-141.45,0.038802,0.038802,0
-141.15,0.038402,0.038202,-0.0002
-140.84,0.038802,0.037402,-0.0014
-140.54,0.037802,0.037802,0
-140.23,0.038402,0.038002,-0.0004
-139.93,0.038002,0.037802,-0.0002
-139.62,0.037602,0.037402,-0.0002
-139.32,0.037602,0.037602,0
-139.01,0.038602,0.037602,-0.001
-138.71,0.038402,0.037202,-0.0012
-138.4,0.038202,0.037402,-0.0008
-138.1,0.038202,0.037202,-0.001
-137.79,0.037802,0.037202,-0.0006
-137.49,0.037802,0.037802,0
-137.18,0.037402,0.037202,-0.0002
-136.88,0.038002,0.037802,-0.0002
-136.57,0.036802,0.038202,0.0014
-136.27,0.037602,0.037402,-0.0002
-135.96,0.037802,0.038002,0.0002
-135.66,0.037802,0.038002,0.0002
-135.35,0.038002,0.037802,-0.0002
-135.05,0.037402,0.037602,0.0002
-134.74,0.037602,0.038402,0.0008
-134.44,0.037802,0.037802,0
-134.13,0.037802,0.039203,0.001401
-133.83,0.038002,0.038602,0.0006
-133.52,0.038002,0.037402,-0.0006
-133.22,0.037802,0.038802,0.001
-132.91,0.038202,0.038202,0
-132.61,0.037402,0.038202,0.0008
-132.3,0.038002,0.038002,0
-132,0.037402,0.037602,0.0002
-131.7,0.037402,0.037802,0.0004
-131.39,0.038202,0.038802,0.0006
-131.09,0.037802,0.037602,-0.0002
-130.78,0.037202,0.037802,0.0006
-130.48,0.038002,0.037402,-0.0006
-130.17,0.037802,0.038202,0.0004
-129.87,0.038202,0.037602,-0.0006
-129.56,0.038602,0.038202,-0.0004
-129.26,0.037802,0.037802,0
-128.95,0.037602,0.037202,-0.0004
-128.65,0.037202,0.038402,0.0012
-128.34,0.037802,0.038002,0.0002
-128.04,0.037802,0.038002,0.0002
-127.73,0.037402,0.037402,0
-127.43,0.037002,0.037402,0.0004
-127.12,0.038002,0.037402,-0.0006
-126.82,0.037402,0.037602,0.0002
-126.51,0.037002,0.037802,0.0008
-126.21,0.036802,0.037802,0.001
-125.9,0.037202,0.036802,-0.0004
-125.6,0.037602,0.037002,-0.0006
-125.29,0.037002,0.037602,0.0006
-124.99,0.037202,0.037802,0.0006
-124.68,0.037402,0.037402,0
-124.38,0.037202,0.037602,0.0004
-124.07,0.037402,0.037402,0
-123.77,0.038202,0.037402,-0.0008
-123.46,0.037602,0.037402,-0.0002
-123.16,0.037002,0.037802,0.0008
-122.85,0.037602,0.037202,-0.0004
-122.55,0.037602,0.037602,0
-122.24,0.038002,0.038402,0.0004
-121.94,0.037402,0.037602,0.0002
-121.63,0.037402,0.037402,0
-121.33,0.037802,0.036802,-0.001
-121.02,0.037402,0.036602,-0.0008
-120.72,0.037202,0.038202,0.001
-120.41,0.037402,0.036602,-0.0008
-120.11,0.036602,0.037402,0.0008
-119.8,0.038002,0.037002,-0.001
-119.5,0.037402,0.037202,-0.0002
-119.2,0.037202,0.036802,-0.0004
-118.89,0.037002,0.036002,-0.001
-118.59,0.038802,0.036402,-0.0024
-118.28,0.037402,0.037802,0.0004
-117.98,0.037402,0.038002,0.0006
-117.67,0.037002,0.037202,0.0002
-117.37,0.037202,0.037802,0.0006
-117.06,0.036802,0.037002,0.0002
-116.76,0.037402,0.037202,-0.0002
-116.45,0.037202,0.036602,-0.0006
-116.15,0.037202,0.036802,-0.0004
-115.84,0.036602,0.037202,0.0006
-115.54,0.037002,0.037402,0.0004
-115.23,0.036402,0.037002,0.0006
-114.93,0.036602,0.036802,0.0002
-114.62,0.037002,0.037002,0
-114.32,0.036602,0.036202,-0.0004
-114.01,0.036802,0.036802,0
-113.71,0.036202,0.036802,0.0006
-113.4,0.036002,0.036802,0.0008
-113.1,0.036802,0.036802,0
-112.79,0.037202,0.037002,-0.0002
-112.49,0.036202,0.037202,0.001
-112.18,0.036402,0.037002,0.0006
-111.88,0.036802,0.036602,-0.0002
-111.57,0.036402,0.036202,-0.0002
-111.27,0.036202,0.036202,0
-110.96,0.036402,0.036802,0.0004
-110.66,0.036202,0.035802,-0.0004
-110.35,0.036802,0.036602,-0.0002
-110.05,0.037202,0.036602,-0.0006
-109.74,0.036602,0.037202,0.0006
-109.44,0.036602,0.037602,0.001
-109.13,0.036402,0.037202,0.0008
-108.83,0.037002,0.037002,0
-108.52,0.037202,0.036402,-0.0008
-108.22,0.037402,0.036402,-0.001
-107.91,0.037802,0.036202,-0.0016
-107.61,0.037002,0.037002,0
-107.3,0.036602,0.036202,-0.0004
-107,0.037402,0.036802,-0.0006
-106.7,0.037202,0.035402,-0.0018
-106.39,0.037202,0.035802,-0.0014
-106.09,0.037202,0.037002,-0.0002
-105.78,0.037002,0.036802,-0.0002
-105.48,0.037802,0.037002,-0.0008
-105.17,0.036402,0.035802,-0.0006
-104.87,0.036802,0.036602,-0.0002
-104.56,0.037802,0.037402,-0.0004
-104.26,0.035402,0.037002,0.0016
-103.95,0.036202,0.037402,0.0012
-103.65,0.037002,0.037602,0.0006
-103.34,0.036002,0.036602,0.0006
-103.04,0.036202,0.035802,-0.0004
-102.73,0.036002,0.037602,0.0016
-102.43,0.036602,0.036202,-0.0004
-102.12,0.036402,0.036002,-0.0004
-101.82,0.037202,0.036002,-0.0012
-101.51,0.036802,0.035802,-0.001
-101.21,0.036402,0.036402,0
-100.9,0.036402,0.036802,0.0004
-100.6,0.036602,0.036802,0.0002
-100.29,0.036802,0.036402,-0.0004
-99.988,0.036202,0.037402,0.0012
-99.683,0.037202,0.037002,-0.0002
-99.378,0.036202,0.036402,0.0002
-99.073,0.036202,0.036002,-0.0002
-98.768,0.036402,0.036202,-0.0002
-98.463,0.036002,0.036202,0.0002
-98.159,0.036402,0.036202,-0.0002
-97.854,0.035402,0.035802,0.0004
-97.549,0.036202,0.036402,0.0002
-97.244,0.036202,0.036402,0.0002
-96.939,0.036002,0.036802,0.0008
-96.634,0.037002,0.036202,-0.0008
-96.329,0.036802,0.035802,-0.001
-96.024,0.036402,0.036202,-0.0002
-95.72,0.036802,0.035602,-0.0012
-95.415,0.036602,0.036802,0.0002
-95.11,0.035802,0.036802,0.001
-94.805,0.036602,0.036402,-0.0002
-94.5,0.037202,0.036202,-0.001
-94.195,0.036402,0.036402,0
-93.89,0.036602,0.036202,-0.0004
-93.585,0.036202,0.037402,0.0012
-93.28,0.037002,0.036402,-0.0006
-92.976,0.036402,0.036402,0
-92.671,0.036202,0.035402,-0.0008
-92.366,0.036602,0.036602,0
-92.061,0.036602,0.037202,0.0006
-91.756,0.036602,0.037002,0.0004
-91.451,0.036802,0.037402,0.0006
-91.146,0.036602,0.036202,-0.0004
-90.841,0.037402,0.036802,-0.0006
-90.537,0.036202,0.036402,0.0002
-90.232,0.036402,0.036402,0
-89.927,0.036402,0.037402,0.001
-89.622,0.036202,0.036402,0.0002
-89.317,0.037002,0.036602,-0.0004
-89.012,0.036202,0.036202,0
-88.707,0.036002,0.036802,0.0008
-88.402,0.036402,0.036202,-0.0002
-88.098,0.036602,0.036802,0.0002
-87.793,0.037002,0.036202,-0.0008
-87.488,0.037202,0.037202,0
-87.183,0.037602,0.036402,-0.0012
-86.878,0.037802,0.036602,-0.0012
-86.573,0.037402,0.036002,-0.0014
-86.268,0.037602,0.036602,-0.001
-85.963,0.037002,0.037202,0.0002
-85.659,0.037202,0.036202,-0.001
-85.354,0.037402,0.036202,-0.0012
-85.049,0.037002,0.036602,-0.0004
-84.744,0.036802,0.037402,0.0006
-84.439,0.037202,0.036202,-0.001
-84.134,0.036802,0.037602,0.0008
-83.829,0.037402,0.036802,-0.0006
-83.524,0.037602,0.036002,-0.0016
-83.22,0.037402,0.037802,0.0004
-82.915,0.036602,0.038402,0.0018
-82.61,0.037202,0.037402,0.0002
-82.305,0.037202,0.038202,0.001
-82,0.038802,0.037602,-0.0012
-81.695,0.037602,0.035602,-0.002
-81.39,0.037402,0.035602,-0.0018
-81.085,0.036802,0.036802,0
-80.78,0.036402,0.037802,0.0014
-80.476,0.037802,0.037402,-0.0004
-80.171,0.035402,0.036802,0.0014
-79.866,0.036802,0.035802,-0.001
-79.561,0.037402,0.037402,0
-79.256,0.037802,0.037202,-0.0006
-78.951,0.037202,0.036802,-0.0004
-78.646,0.038202,0.035402,-0.0028
-78.341,0.036202,0.036402,0.0002
-78.037,0.037202,0.036602,-0.0006
-77.732,0.037602,0.036602,-0.001
-77.427,0.036802,0.037202,0.0004
-77.122,0.037002,0.037802,0.0008
-76.817,0.037602,0.036802,-0.0008
-76.512,0.037202,0.036402,-0.0008
-76.207,0.036402,0.036802,0.0004
-75.902,0.037402,0.036002,-0.0014
-75.598,0.036802,0.036202,-0.0006
-75.293,0.037202,0.035602,-0.0016
-74.988,0.037202,0.036802,-0.0004
-74.683,0.037802,0.037202,-0.0006
-74.378,0.036002,0.037202,0.0012
-74.073,0.036602,0.035402,-0.0012
-73.768,0.036002,0.035202,-0.0008
-73.463,0.037402,0.035402,-0.002
-73.159,0.036002,0.035802,-0.0002
-72.854,0.036602,0.035802,-0.0008
-72.549,0.036802,0.035402,-0.0014
-72.244,0.035802,0.035402,-0.0004
-71.939,0.036202,0.036202,0
-71.634,0.035402,0.035802,0.0004
-71.329,0.037202,0.035602,-0.0016
-71.024,0.036002,0.035402,-0.0006
-70.72,0.036002,0.035602,-0.0004
-70.415,0.036402,0.035402,-0.001
-70.11,0.036802,0.034802,-0.002
-69.805,0.036202,0.035402,-0.0008
-69.5,0.036002,0.035802,-0.0002
-69.195,0.036402,0.035602,-0.0008
-68.89,0.036802,0.034602,-0.0022
-68.585,0.036402,0.035202,-0.0012
-68.28,0.035602,0.035602,0
-67.976,0.035802,0.035202,-0.0006
-67.671,0.036802,0.035402,-0.0014
-67.366,0.036802,0.035402,-0.0014
-67.061,0.036202,0.036002,-0.0002
-66.756,0.034802,0.036002,0.0012
-66.451,0.035402,0.035402,0
-66.146,0.035402,0.035002,-0.0004
-65.841,0.035202,0.035402,0.0002
-65.537,0.035202,0.034202,-0.001
-65.232,0.035402,0.035402,0
-64.927,0.035602,0.034602,-0.001
-64.622,0.035002,0.034602,-0.0004
-64.317,0.035602,0.035202,-0.0004
-64.012,0.035602,0.035602,0
-63.707,0.035202,0.034802,-0.0004
-63.402,0.035002,0.034402,-0.0006
-63.098,0.035602,0.034802,-0.0008
-62.793,0.035202,0.034602,-0.0006
-62.488,0.034602,0.034802,0.0002
-62.183,0.035002,0.035602,0.0006
-61.878,0.034802,0.034602,-0.0002
-61.573,0.035202,0.034602,-0.0006
-61.268,0.035602,0.035202,-0.0004
-60.963,0.035002,0.034402,-0.0006
-60.659,0.035002,0.035402,0.0004
-60.354,0.034802,0.035402,0.0006
-60.049,0.035402,0.035002,-0.0004
-59.744,0.034602,0.036002,0.0014
-59.439,0.034402,0.034002,-0.0004
-59.134,0.033802,0.033402,-0.0004
-58.829,0.035402,0.034202,-0.0012
-58.524,0.033802,0.034002,0.0002
-58.22,0.034402,0.034402,0
-57.915,0.034202,0.035002,0.0008
-57.61,0.034002,0.034802,0.0008
-57.305,0.034602,0.034602,0
-57,0.034602,0.035602,0.001
-56.695,0.034202,0.033802,-0.0004
-56.39,0.034602,0.033402,-0.0012
-56.085,0.034002,0.034402,0.0004
-55.78,0.033802,0.033802,0
-55.476,0.034402,0.034202,-0.0002
-55.171,0.033802,0.034402,0.0006
-54.866,0.034402,0.033802,-0.0006
-54.561,0.033802,0.034802,0.001
-54.256,0.034802,0.034802,0
-53.951,0.034202,0.033802,-0.0004
-53.646,0.033002,0.033602,0.0006
-53.341,0.033202,0.034802,0.0016
-53.037,0.033602,0.033202,-0.0004
-52.732,0.033202,0.033802,0.0006
-52.427,0.033202,0.033602,0.0004
-52.122,0.034002,0.034402,0.0004
-51.817,0.034002,0.032402,-0.0016
-51.512,0.033802,0.032602,-0.0012
-51.207,0.033602,0.033602,0
-50.902,0.033002,0.034002,0.001
-50.598,0.034402,0.032402,-0.002
-50.293,0.034002,0.033202,-0.0008
-49.988,0.032002,0.034002,0.002
-49.683,0.033202,0.032802,-0.0004
-49.378,0.033202,0.034002,0.0008
-49.073,0.033202,0.034402,0.0012
-48.768,0.033602,0.033602,0
-48.463,0.032802,0.032402,-0.0004
-48.159,0.033002,0.033602,0.0006
-47.854,0.033202,0.032402,-0.0008
-47.549,0.032602,0.033402,0.0008
-47.244,0.032402,0.033202,0.0008
-46.939,0.033602,0.034202,0.0006
-46.634,0.033002,0.034002,0.001
-46.329,0.032802,0.032802,0
-46.024,0.033402,0.033202,-0.0002
-45.72,0.032802,0.032402,-0.0004
-45.415,0.033202,0.032402,-0.0008
-45.11,0.033402,0.032002,-0.0014
-44.805,0.032402,0.032002,-0.0004
-44.5,0.032002,0.032202,0.0002
-44.195,0.031602,0.032002,0.0004
-43.89,0.032002,0.031402,-0.0006
-43.585,0.032202,0.031602,-0.0006
-43.28,0.031602,0.032202,0.0006
-42.976,0.032202,0.032602,0.0004
-42.671,0.032202,0.032402,0.0002
-42.366,0.032202,0.032802,0.0006
-42.061,0.032802,0.032002,-0.0008
-41.756,0.031802,0.031602,-0.0002
-41.451,0.031002,0.031002,0
-41.146,0.031202,0.031602,0.0004
-40.841,0.032002,0.032002,0
-40.537,0.030802,0.031402,0.0006
-40.232,0.031002,0.032202,0.0012
-39.927,0.031602,0.031602,0
-39.622,0.031802,0.031202,-0.0006
-39.317,0.031202,0.031602,0.0004
-39.012,0.032002,0.031002,-0.001
-38.707,0.031802,0.030202,-0.0016
-38.402,0.032002,0.031202,-0.0008
-38.098,0.031402,0.030802,-0.0006
-37.793,0.031602,0.031402,-0.0002
-37.488,0.031002,0.031402,0.0004
-37.183,0.031402,0.030802,-0.0006
-36.878,0.031202,0.030202,-0.001
-36.573,0.031002,0.029802,-0.0012
-36.268,0.030602,0.030602,0
-35.963,0.031402,0.029802,-0.0016
-35.659,0.030402,0.030402,0
-35.354,0.030402,0.030202,-0.0002
-35.049,0.031802,0.030802,-0.001
-34.744,0.030802,0.030802,0
-34.439,0.031002,0.030402,-0.0006
-34.134,0.030802,0.030402,-0.0004
-33.829,0.031002,0.029802,-0.0012
-33.524,0.030202,0.030802,0.0006
-33.22,0.030402,0.030402,0
-32.915,0.030602,0.030402,-0.0002
-32.61,0.031202,0.030402,-0.0008
-32.305,0.030602,0.029802,-0.0008
-32,0.031002,0.029402,-0.0016
-31.695,0.030402,0.030002,-0.0004
-31.39,0.030402,0.029202,-0.0012
-31.085,0.029602,0.029002,-0.0006
-30.78,0.030602,0.029402,-0.0012
-30.476,0.030802,0.028802,-0.002
-30.171,0.030202,0.029202,-0.001
-29.866,0.029602,0.028402,-0.0012
-29.561,0.029802,0.029402,-0.0004
-29.256,0.030202,0.029202,-0.001
-28.951,0.029802,0.029402,-0.0004
-28.646,0.030602,0.028802,-0.0018
-28.341,0.029402,0.028402,-0.001
-28.037,0.030002,0.028002,-0.002
-27.732,0.030002,0.029202,-0.0008
-27.427,0.029202,0.029002,-0.0002
-27.122,0.029602,0.029002,-0.0006
-26.817,0.030202,0.029202,-0.001
-26.512,0.029602,0.028402,-0.0012
-26.207,0.029802,0.028602,-0.0012
-25.902,0.029202,0.028002,-0.0012
-25.598,0.028802,0.028802,0
-25.293,0.029002,0.028402,-0.0006
-24.988,0.029802,0.028402,-0.0014
-24.683,0.029402,0.028402,-0.001
-24.378,0.029402,0.027802,-0.0016
-24.073,0.029402,0.028602,-0.0008
-23.768,0.029002,0.027802,-0.0012
-23.463,0.029602,0.028002,-0.0016
-23.159,0.029002,0.027802,-0.0012
-22.854,0.030202,0.028202,-0.002
-22.549,0.029202,0.027602,-0.0016
-22.244,0.028602,0.027202,-0.0014
-21.939,0.029002,0.027002,-0.002
-21.634,0.029802,0.027802,-0.002
-21.329,0.028602,0.027602,-0.001
-21.024,0.029002,0.027002,-0.002
-20.72,0.028402,0.027602,-0.0008
-20.415,0.028602,0.027602,-0.001
-20.11,0.028602,0.027602,-0.001
-19.805,0.028402,0.027002,-0.0014
-19.5,0.028202,0.026802,-0.0014
-19.195,0.028202,0.027202,-0.001
-18.89,0.028202,0.026802,-0.0014
-18.585,0.027602,0.027402,-0.0002
-18.28,0.028202,0.027802,-0.0004
-17.976,0.028402,0.026802,-0.0016
-17.671,0.028202,0.026402,-0.0018
-17.366,0.027802,0.026402,-0.0014
-17.061,0.028402,0.026402,-0.002
-16.756,0.028402,0.026602,-0.0018
-16.451,0.028002,0.026802,-0.0012
-16.146,0.027402,0.026202,-0.0012
-15.841,0.028002,0.025802,-0.0022
-15.537,0.028002,0.025602,-0.0024
-15.232,0.028202,0.025202,-0.003
-14.927,0.027602,0.025602,-0.002
-14.622,0.028402,0.025402,-0.003
-14.317,0.028402,0.025402,-0.003
-14.012,0.028002,0.025002,-0.003
-13.707,0.027802,0.025202,-0.0026
-13.402,0.028202,0.025002,-0.0032
-13.098,0.027002,0.025402,-0.0016
-12.793,0.027802,0.025202,-0.0026
-12.488,0.027802,0.025602,-0.0022
-12.183,0.027602,0.025602,-0.002
-11.878,0.028202,0.025402,-0.0028
-11.573,0.026802,0.025202,-0.0016
-11.268,0.027802,0.024802,-0.003
-10.963,0.027202,0.025202,-0.002
-10.659,0.027202,0.025002,-0.0022
-10.354,0.026402,0.025402,-0.001
-10.049,0.026802,0.024802,-0.002
-9.7439,0.026802,0.025002,-0.0018
-9.439,0.027202,0.024202,-0.003
-9.1341,0.027602,0.025002,-0.0026
-8.8293,0.027402,0.024602,-0.0028
-8.5244,0.027802,0.024202,-0.0036
-8.2195,0.028002,0.023802,-0.0042
-7.9146,0.027602,0.023802,-0.0038
-7.6098,0.027402,0.023602,-0.0038
-7.3049,0.027802,0.023602,-0.0042
-7,0.026602,0.024202,-0.0024
-6.6951,0.027602,0.023401,-0.004201
-6.3902,0.028002,0.023602,-0.0044
-6.0854,0.027402,0.022401,-0.005001
-5.7805,0.027602,0.022801,-0.004801
-5.4756,0.027002,0.022801,-0.004201
-5.1707,0.027802,0.022601,-0.005201
-4.8659,0.026202,0.022601,-0.003601
-4.561,0.026602,0.022801,-0.003801
-4.2561,0.027002,0.023001,-0.004001
-3.9512,0.027002,0.022801,-0.004201
-3.6463,0.026802,0.022601,-0.004201
-3.3415,0.027802,0.023201,-0.004601
-3.0366,0.027002,0.023802,-0.0032
-2.7317,0.027202,0.023802,-0.0034
-2.4268,0.027202,0.024002,-0.0032
-2.122,0.027202,0.024202,-0.003
-1.8171,0.026402,0.024802,-0.0016
-1.5122,0.026202,0.025202,-0.001
-1.2073,0.026802,0.025202,-0.0016
-0.90244,0.026602,0.025202,-0.0014
-0.59756,0.026602,0.025402,-0.0012
-0.29268,0.026402,0.025402,-0.001
0.012195,0.026602,0.025402,-0.0012
0.31707,0.026402,0.025602,-0.0008
0.62195,0.026602,0.024802,-0.0018
0.92683,0.026602,0.025002,-0.0016
1.2317,0.026402,0.025002,-0.0014
1.5366,0.026802,0.024802,-0.002
1.8415,0.026402,0.024602,-0.0018
2.1463,0.027002,0.024202,-0.0028
2.4512,0.026802,0.024002,-0.0028
2.7561,0.026602,0.024002,-0.0026
3.061,0.026002,0.023802,-0.0022
3.3659,0.026002,0.024402,-0.0016
3.6707,0.026802,0.023201,-0.003601
3.9756,0.026002,0.023802,-0.0022
4.2805,0.026002,0.023401,-0.002601
4.5854,0.025802,0.023401,-0.002401
4.8902,0.025602,0.024002,-0.0016
5.1951,0.026202,0.024002,-0.0022
5.5,0.025802,0.024402,-0.0014
5.8049,0.025802,0.024402,-0.0014
6.1098,0.026202,0.024802,-0.0014
6.4146,0.026002,0.025002,-0.001
6.7195,0.025802,0.025402,-0.0004
7.0244,0.025002,0.025402,0.0004
7.3293,0.025202,0.026202,0.001
7.6341,0.025002,0.026002,0.001
7.939,0.025202,0.026402,0.0012
8.2439,0.025202,0.026802,0.0016
8.5488,0.025202,0.026402,0.0012
8.8537,0.025002,0.027202,0.0022
9.1585,0.024402,0.027802,0.0034
9.4634,0.024602,0.027002,0.0024
9.7683,0.025002,0.026602,0.0016
10.073,0.024402,0.027002,0.0026
10.378,0.024802,0.026202,0.0014
10.683,0.024402,0.026602,0.0022
10.988,0.024802,0.027002,0.0022
11.293,0.025402,0.027002,0.0016
11.598,0.024802,0.026202,0.0014
11.902,0.025002,0.026602,0.0016
12.207,0.024602,0.026602,0.002
12.512,0.024202,0.027002,0.0028
12.817,0.024202,0.026402,0.0022
13.122,0.023802,0.026402,0.0026
13.427,0.024002,0.027802,0.0038
13.732,0.024602,0.027002,0.0024
14.037,0.024402,0.027202,0.0028
14.341,0.024202,0.027202,0.003
14.646,0.024002,0.026602,0.0026
14.951,0.024402,0.026002,0.0016
15.256,0.024202,0.025802,0.0016
15.561,0.024202,0.026002,0.0018
15.866,0.023802,0.026202,0.0024
16.171,0.023201,0.026002,0.002801
16.476,0.023201,0.026402,0.003201
16.78,0.023401,0.025802,0.002401
17.085,0.023602,0.026402,0.0028
17.39,0.023201,0.026602,0.003401
17.695,0.023802,0.026002,0.0022
18,0.023602,0.026402,0.0028
18.305,0.023401,0.026202,0.002801
18.61,0.023001,0.026002,0.003001
18.915,0.023602,0.026202,0.0026
19.22,0.023401,0.026002,0.002601
19.524,0.023401,0.025802,0.002401
19.829,0.023001,0.026002,0.003001
20.134,0.023201,0.026202,0.003001
20.439,0.023802,0.026402,0.0026
20.744,0.023602,0.026602,0.003
21.049,0.023401,0.026402,0.003001
21.354,0.023001,0.026202,0.003201
21.659,0.023401,0.025202,0.001801
21.963,0.023602,0.025802,0.0022
22.268,0.023401,0.025002,0.001601
22.573,0.023201,0.024602,0.001401
22.878,0.023201,0.025402,0.002201
23.183,0.023201,0.025402,0.002201
23.488,0.023201,0.025202,0.002001
23.793,0.023201,0.024202,0.001001
24.098,0.023201,0.024202,0.001001
24.402,0.023401,0.024002,0.000601
24.707,0.023401,0.023001,-0.0004
25.012,0.023401,0.023602,0.000201
25.317,0.023401,0.023802,0.000401
25.622,0.023201,0.023401,0.0002
25.927,0.023001,0.024002,0.001001
26.232,0.023001,0.024002,0.001001
26.537,0.023401,0.023401,0
26.841,0.023201,0.023001,-0.0002
27.146,0.023602,0.023602,0
27.451,0.023802,0.023602,-0.0002
27.756,0.023401,0.023401,0
28.061,0.023001,0.023401,0.0004
28.366,0.023401,0.023802,0.000401
28.671,0.023401,0.023802,0.000401
28.976,0.023602,0.023401,-0.000201
29.28,0.023201,0.023401,0.0002
29.585,0.023602,0.023201,-0.000401
29.89,0.023401,0.022601,-0.0008
30.195,0.023401,0.022601,-0.0008
30.5,0.023401,0.022401,-0.001
30.805,0.023201,0.022401,-0.0008
31.11,0.023401,0.022201,-0.0012
31.415,0.023602,0.021801,-0.001801
31.72,0.023602,0.022201,-0.001401
32.024,0.023602,0.021601,-0.002001
32.329,0.023401,0.021001,-0.0024
32.634,0.023201,0.021401,-0.0018
32.939,0.023602,0.021001,-0.002601
33.244,0.023401,0.021001,-0.0024
33.549,0.023602,0.021201,-0.002401
33.854,0.023401,0.020801,-0.0026
34.159,0.023602,0.021201,-0.002401
34.463,0.023602,0.021001,-0.002601
34.768,0.023602,0.021001,-0.002601
35.073,0.023602,0.020801,-0.002801
35.378,0.023401,0.021401,-0.002
35.683,0.023401,0.021201,-0.0022
35.988,0.023602,0.021001,-0.002601
36.293,0.023401,0.021201,-0.0022
36.598,0.023802,0.021401,-0.002401
36.902,0.023802,0.021401,-0.002401
37.207,0.023602,0.021201,-0.002401
37.512,0.023401,0.021601,-0.0018
37.817,0.023201,0.021601,-0.0016
38.122,0.023802,0.021201,-0.002601
38.427,0.023201,0.021801,-0.0014
38.732,0.023401,0.021601,-0.0018
39.037,0.023802,0.021801,-0.002001
39.341,0.023602,0.021801,-0.001801
39.646,0.023602,0.021801,-0.001801
39.951,0.023802,0.021801,-0.002001
40.256,0.023802,0.021601,-0.002201
40.561,0.023201,0.021601,-0.0016
40.866,0.023401,0.021401,-0.002
41.171,0.023001,0.022001,-0.001
41.476,0.023201,0.021801,-0.0014
41.78,0.023401,0.021801,-0.0016
42.085,0.023401,0.021601,-0.0018
42.39,0.023602,0.021801,-0.001801
42.695,0.023802,0.022001,-0.001801
43,0.023201,0.021601,-0.0016
43.305,0.023401,0.021601,-0.0018
43.61,0.023802,0.022001,-0.001801
43.915,0.023201,0.021401,-0.0018
44.22,0.023602,0.021401,-0.002201
44.524,0.024002,0.021601,-0.002401
44.829,0.023802,0.022201,-0.001601
45.134,0.023401,0.022201,-0.0012
45.439,0.023401,0.022001,-0.0014
45.744,0.023001,0.021801,-0.0012
46.049,0.023802,0.022201,-0.001601
46.354,0.023401,0.022401,-0.001
46.659,0.023401,0.022801,-0.0006
46.963,0.023602,0.022201,-0.001401
47.268,0.024002,0.022201,-0.001801
47.573,0.024202,0.022601,-0.001601
47.878,0.023201,0.023001,-0.0002
48.183,0.023602,0.022801,-0.000801
48.488,0.024002,0.023201,-0.000801
48.793,0.024202,0.023201,-0.001001
49.098,0.023201,0.022801,-0.0004
49.402,0.023201,0.022601,-0.0006
49.707,0.023201,0.022801,-0.0004
50.012,0.023602,0.022801,-0.000801
50.317,0.023201,0.022401,-0.0008
50.622,0.023602,0.022601,-0.001001
50.927,0.023401,0.022801,-0.0006
51.232,0.023401,0.022801,-0.0006
51.537,0.023401,0.023001,-0.0004
51.841,0.023201,0.023602,0.000401
52.146,0.023602,0.023201,-0.000401
52.451,0.023602,0.023001,-0.000601
52.756,0.023401,0.022801,-0.0006
53.061,0.023602,0.022801,-0.000801
53.366,0.023602,0.023001,-0.000601
53.671,0.023602,0.022801,-0.000801
53.976,0.023401,0.023001,-0.0004
54.28,0.023201,0.023001,-0.0002
54.585,0.023802,0.023001,-0.000801
54.89,0.023602,0.023201,-0.000401
55.195,0.023401,0.023602,0.000201
55.5,0.023401,0.024002,0.000601
55.805,0.023201,0.024202,0.001001
56.11,0.023802,0.024002,0.0002
56.415,0.023201,0.023401,0.0002
56.72,0.023602,0.023201,-0.000401
57.024,0.024202,0.024002,-0.0002
57.329,0.024002,0.023802,-0.0002
57.634,0.024002,0.023802,-0.0002
57.939,0.023602,0.023802,0.0002
58.244,0.023602,0.023401,-0.000201
58.549,0.023401,0.023602,0.000201
58.854,0.023602,0.023602,0
59.159,0.023802,0.023602,-0.0002
59.463,0.023802,0.023802,0
59.768,0.024002,0.024602,0.0006
60.073,0.024002,0.024002,0
60.378,0.023602,0.023602,0
60.683,0.024002,0.023201,-0.000801
60.988,0.023802,0.023401,-0.000401
61.293,0.023802,0.024002,0.0002
61.598,0.023802,0.024202,0.0004
61.902,0.023602,0.023401,-0.000201
62.207,0.023802,0.023802,0
62.512,0.023602,0.023602,0
62.817,0.023602,0.024002,0.0004
63.122,0.023602,0.023802,0.0002
63.427,0.024002,0.023401,-0.000601
63.732,0.024002,0.023802,-0.0002
64.037,0.023802,0.023602,-0.0002
64.341,0.024002,0.023201,-0.000801
64.646,0.024402,0.023602,-0.0008
64.951,0.024002,0.023602,-0.0004
65.256,0.023802,0.023602,-0.0002
65.561,0.023802,0.023602,-0.0002
65.866,0.023802,0.023602,-0.0002
66.171,0.023802,0.023602,-0.0002
66.476,0.023802,0.023802,0
66.78,0.024002,0.023802,-0.0002
67.085,0.024202,0.023802,-0.0004
67.39,0.023802,0.024002,0.0002
67.695,0.024602,0.024202,-0.0004
68,0.024202,0.024002,-0.0002
68.305,0.024602,0.024002,-0.0006
68.61,0.024402,0.024602,0.0002
68.915,0.023602,0.023602,0
69.22,0.024402,0.024202,-0.0002
69.524,0.024402,0.024402,0
69.829,0.024602,0.024402,-0.0002
70.134,0.024402,0.024002,-0.0004
70.439,0.024602,0.023802,-0.0008
70.744,0.024002,0.023802,-0.0002
71.049,0.024202,0.024202,0
71.354,0.024802,0.024202,-0.0006
71.659,0.024602,0.024002,-0.0006
71.963,0.024202,0.024202,0
72.268,0.025402,0.024202,-0.0012
72.573,0.024802,0.024202,-0.0006
72.878,0.024202,0.024402,0.0002
73.183,0.025002,0.024402,-0.0006
73.488,0.025002,0.023802,-0.0012
73.793,0.024802,0.024002,-0.0008
74.098,0.025202,0.024402,-0.0008
74.402,0.024802,0.024602,-0.0002
74.707,0.025202,0.024402,-0.0008
75.012,0.025002,0.024802,-0.0002
75.317,0.024802,0.025002,0.0002
75.622,0.024602,0.024202,-0.0004
75.927,0.024802,0.024202,-0.0006
76.232,0.025402,0.024402,-0.001
76.537,0.025002,0.024602,-0.0004
76.841,0.024602,0.024602,0
77.146,0.025002,0.024202,-0.0008
77.451,0.024402,0.024602,0.0002
77.756,0.024802,0.024602,-0.0002
78.061,0.025002,0.024602,-0.0004
78.366,0.024802,0.025002,0.0002
78.671,0.024802,0.024602,-0.0002
78.976,0.024802,0.024602,-0.0002
79.28,0.025002,0.025002,0
79.585,0.025002,0.024602,-0.0004
79.89,0.025202,0.024802,-0.0004
80.195,0.025002,0.024402,-0.0006
80.5,0.025202,0.024202,-0.001
80.805,0.025202,0.024802,-0.0004
81.11,0.024802,0.024402,-0.0004
81.415,0.025202,0.024802,-0.0004
81.72,0.025202,0.024602,-0.0006
82.024,0.024802,0.024602,-0.0002
82.329,0.024602,0.024602,0
82.634,0.025402,0.024402,-0.001
82.939,0.025602,0.024602,-0.001
83.244,0.024802,0.025002,0.0002
83.549,0.025402,0.025002,-0.0004
83.854,0.024802,0.024602,-0.0002
84.159,0.025002,0.024802,-0.0002
84.463,0.025202,0.024602,-0.0006
84.768,0.025802,0.025002,-0.0008
85.073,0.025202,0.025002,-0.0002
85.378,0.025002,0.025002,0
85.683,0.025202,0.025402,0.0002
85.988,0.025202,0.024602,-0.0006
86.293,0.025402,0.024802,-0.0006
86.598,0.025002,0.024802,-0.0002
86.902,0.025002,0.024802,-0.0002
87.207,0.025202,0.024602,-0.0006
87.512,0.024802,0.024402,-0.0004
87.817,0.025402,0.024402,-0.001
88.122,0.024802,0.024802,0
88.427,0.025202,0.025002,-0.0002
88.732,0.025602,0.025002,-0.0006
89.037,0.025002,0.024802,-0.0002
89.341,0.024602,0.024802,0.0002
89.646,0.025002,0.025002,0
89.951,0.024802,0.024602,-0.0002
90.256,0.024802,0.025202,0.0004
90.561,0.025202,0.024602,-0.0006
90.866,0.025202,0.024802,-0.0004
91.171,0.025002,0.024602,-0.0004
91.476,0.025002,0.024402,-0.0006
91.78,0.025402,0.024802,-0.0006
92.085,0.025602,0.024602,-0.001
92.39,0.025002,0.024602,-0.0004
92.695,0.025202,0.024002,-0.0012
93,0.025202,0.024802,-0.0004
93.305,0.025402,0.024402,-0.001
93.61,0.025002,0.024402,-0.0006
93.915,0.025402,0.024802,-0.0006
94.22,0.025402,0.024602,-0.0008
94.524,0.024802,0.024202,-0.0006
94.829,0.025202,0.024602,-0.0006
95.134,0.024802,0.024402,-0.0004
95.439,0.025202,0.024202,-0.001
95.744,0.024802,0.024402,-0.0004
96.049,0.025202,0.024602,-0.0006
96.354,0.024602,0.024202,-0.0004
96.659,0.024602,0.024602,0
96.963,0.024602,0.024602,0
97.268,0.025002,0.024202,-0.0008
97.573,0.024802,0.024202,-0.0006
97.878,0.024802,0.024402,-0.0004
98.183,0.024802,0.024402,-0.0004
98.488,0.024402,0.024602,0.0002
98.793,0.024402,0.024602,0.0002
99.098,0.024202,0.024202,0
99.402,0.024202,0.024402,0.0002
99.707,0.024202,0.024002,-0.0002
100.01,0.024002,0.024202,0.0002
100.32,0.024002,0.023802,-0.0002
100.62,0.024202,0.023401,-0.000801
100.93,0.024802,0.024002,-0.0008
101.23,0.024602,0.023802,-0.0008
101.54,0.024202,0.024002,-0.0002
101.84,0.024402,0.024202,-0.0002
102.15,0.024202,0.024202,0
102.45,0.023802,0.024202,0.0004
102.76,0.024202,0.024002,-0.0002
103.06,0.023802,0.024402,0.0006
103.37,0.024202,0.024202,0
103.67,0.023802,0.024002,0.0002
103.98,0.023802,0.024202,0.0004
104.28,0.024402,0.024002,-0.0004
104.59,0.024202,0.023602,-0.0006
104.89,0.024002,0.024002,0
105.2,0.024002,0.023802,-0.0002
105.5,0.024002,0.023802,-0.0002
105.8,0.024002,0.024202,0.0002
106.11,0.023802,0.023802,0
106.41,0.024202,0.023802,-0.0004
106.72,0.024002,0.024202,0.0002
107.02,0.023802,0.024402,0.0006
107.33,0.024202,0.024602,0.0004
107.63,0.024202,0.024002,-0.0002
107.94,0.024802,0.024202,-0.0006
108.24,0.024202,0.024602,0.0004
108.55,0.024202,0.024402,0.0002
108.85,0.024202,0.024402,0.0002
109.16,0.023802,0.024002,0.0002
109.46,0.024202,0.024202,0
109.77,0.024002,0.024602,0.0006
110.07,0.024202,0.024002,-0.0002
110.38,0.023802,0.023802,0
110.68,0.024002,0.024002,0
110.99,0.024202,0.023802,-0.0004
111.29,0.024202,0.024002,-0.0002
111.6,0.024202,0.023602,-0.0006
111.9,0.024802,0.024402,-0.0004
112.21,0.024602,0.023602,-0.001
112.51,0.024402,0.023802,-0.0006
112.82,0.024402,0.024002,-0.0004
113.12,0.024602,0.023802,-0.0008
113.43,0.024402,0.024002,-0.0004
113.73,0.024402,0.023802,-0.0006
114.04,0.024402,0.024002,-0.0004
114.34,0.024402,0.023802,-0.0006
114.65,0.024802,0.023802,-0.001
114.95,0.024002,0.023802,-0.0002
115.26,0.024802,0.023802,-0.001
115.56,0.024802,0.023201,-0.001601
115.87,0.025002,0.023401,-0.001601
116.17,0.024602,0.023201,-0.001401
116.48,0.024602,0.023401,-0.001201
116.78,0.024602,0.023401,-0.001201
117.09,0.024402,0.022801,-0.001601
117.39,0.024402,0.023001,-0.001401
117.7,0.024002,0.023001,-0.001001
118,0.024802,0.022601,-0.002201
118.3,0.024402,0.022401,-0.002001
118.61,0.025002,0.022401,-0.002601
118.91,0.024802,0.022601,-0.002201
119.22,0.025202,0.022201,-0.003001
119.52,0.024402,0.022201,-0.002201
119.83,0.024202,0.022201,-0.002001
120.13,0.024802,0.022001,-0.002801
120.44,0.025202,0.022201,-0.003001
120.74,0.024802,0.022201,-0.002601
121.05,0.025202,0.022001,-0.003201
121.35,0.024402,0.022001,-0.002401
121.66,0.024202,0.022201,-0.002001
121.96,0.024202,0.022401,-0.001801
122.27,0.024002,0.022201,-0.001801
122.57,0.024402,0.022601,-0.001801
122.88,0.024402,0.022201,-0.002201
123.18,0.025002,0.022201,-0.002801
123.49,0.024802,0.022401,-0.002401
123.79,0.024802,0.022601,-0.002201
124.1,0.024602,0.022401,-0.002201
124.4,0.024402,0.021601,-0.002801
124.71,0.024602,0.021401,-0.003201
125.01,0.024802,0.020801,-0.004001
125.32,0.024802,0.021001,-0.003801
125.62,0.024402,0.021001,-0.003401
125.93,0.024602,0.020201,-0.004401
126.23,0.024202,0.019801,-0.004401
126.54,0.024402,0.019801,-0.004601
126.84,0.024602,0.019801,-0.004801
127.15,0.024002,0.019201,-0.004801
127.45,0.024402,0.019401,-0.005001
127.76,0.024402,0.019401,-0.005001
128.06,0.024202,0.019801,-0.004401
128.37,0.023802,0.019601,-0.004201
128.67,0.024002,0.020401,-0.003601
128.98,0.024202,0.021001,-0.003201
129.28,0.024002,0.021801,-0.002201
129.59,0.024002,0.022401,-0.001601
129.89,0.024602,0.022801,-0.001801
130.2,0.024002,0.023802,-0.0002
130.5,0.024202,0.024002,-0.0002
130.8,0.024202,0.024202,0
131.11,0.024402,0.024402,0
131.41,0.024202,0.025402,0.0012
131.72,0.024802,0.024402,-0.0004
132.02,0.024202,0.023602,-0.0006
132.33,0.023802,0.023201,-0.000601
132.63,0.024602,0.023802,-0.0008
132.94,0.024402,0.023401,-0.001001
133.24,0.024402,0.021801,-0.002601
133.55,0.024402,0.021601,-0.002801
133.85,0.024202,0.020801,-0.003401
134.16,0.024002,0.020001,-0.004001
134.46,0.024202,0.020401,-0.003801
134.77,0.024402,0.019801,-0.004601
135.07,0.024602,0.020001,-0.004601
135.38,0.024402,0.020001,-0.004401
135.68,0.024602,0.020201,-0.004401
135.99,0.024002,0.021001,-0.003001
136.29,0.024202,0.022001,-0.002201
136.6,0.023602,0.023602,0
136.9,0.024002,0.024402,0.0004
137.21,0.023802,0.026202,0.0024
137.51,0.024202,0.027002,0.0028
137.82,0.023401,0.029002,0.005601
138.12,0.023602,0.030602,0.007
138.43,0.023401,0.030802,0.007401
138.73,0.023802,0.032002,0.0082
139.04,0.023802,0.031402,0.0076
139.34,0.023201,0.032202,0.009001
139.65,0.023602,0.031802,0.0082
139.95,0.023401,0.032402,0.009001
140.26,0.023401,0.030802,0.007401
140.56,0.023401,0.030402,0.007001
140.87,0.023001,0.029802,0.006801
141.17,0.023401,0.030002,0.006601
141.48,0.023401,0.029202,0.005801
141.78,0.023001,0.028802,0.005801
142.09,0.023201,0.028802,0.005601
142.39,0.022601,0.029402,0.006801
142.7,0.022801,0.029002,0.006201
143,0.022801,0.029402,0.006601
143.3,0.023201,0.029802,0.006601
143.61,0.022601,0.031202,0.008601
143.91,0.022801,0.031602,0.008801
144.22,0.022601,0.032002,0.009401
144.52,0.023201,0.033802,0.010601
144.83,0.022801,0.034002,0.011201
145.13,0.022201,0.034602,0.012401
145.44,0.022801,0.035202,0.012401
145.74,0.022801,0.035402,0.012601
146.05,0.022201,0.035802,0.013601
146.35,0.022401,0.036202,0.013801
146.66,0.022201,0.035802,0.013601
146.96,0.022401,0.035202,0.012801
147.27,0.022601,0.033802,0.011201
147.57,0.022601,0.033202,0.010601
147.88,0.022801,0.032802,0.010001
148.18,0.022601,0.031802,0.009201
148.49,0.022201,0.031002,0.008801
148.79,0.022201,0.029802,0.007601
149.1,0.022401,0.030002,0.007601
149.4,0.022201,0.029802,0.007601
149.71,0.022001,0.030602,0.008601
150.01,0.022201,0.030202,0.008001
150.32,0.022201,0.031402,0.009201
150.62,0.022201,0.031802,0.009601
150.93,0.022201,0.032002,0.009801
151.23,0.022401,0.032802,0.010401
151.54,0.022001,0.033602,0.011601
151.84,0.022001,0.034602,0.012601
152.15,0.022401,0.035002,0.012601
152.45,0.022601,0.036002,0.013401
152.76,0.022601,0.035602,0.013001
153.06,0.023201,0.035002,0.011801
153.37,0.023001,0.034402,0.011401
153.67,0.022601,0.032202,0.009601
153.98,0.022601,0.031002,0.008401
154.28,0.022001,0.030802,0.008801
154.59,0.022201,0.030002,0.007801
154.89,0.022601,0.028002,0.005401
155.2,0.022601,0.027402,0.004801
155.5,0.022401,0.026602,0.004201
155.8,0.022401,0.024602,0.002201
156.11,0.022401,0.023602,0.001201
156.41,0.022201,0.023802,0.001601
156.72,0.022401,0.023401,0.001
157.02,0.022801,0.024202,0.001401
157.33,0.022601,0.024602,0.002001
157.63,0.022601,0.025202,0.002601
157.94,0.022801,0.024802,0.002001
158.24,0.022401,0.025802,0.003401
158.55,0.022601,0.026002,0.003401
158.85,0.023001,0.026802,0.003801
159.16,0.022401,0.026802,0.004401
159.46,0.022401,0.026202,0.003801
159.77,0.022401,0.026002,0.003601
160.07,0.023201,0.026202,0.003001
160.38,0.022801,0.025002,0.002201
160.68,0.022801,0.024002,0.001201
160.99,0.023001,0.024602,0.001601
161.29,0.022601,0.024202,0.001601
161.6,0.022201,0.022801,0.0006
161.9,0.022601,0.021801,-0.0008
162.21,0.022601,0.021601,-0.001
162.51,0.022401,0.021401,-0.001
162.82,0.023001,0.020401,-0.0026
163.12,0.022401,0.020401,-0.002
163.43,0.022201,0.020001,-0.0022
163.73,0.023001,0.020001,-0.003
164.04,0.022801,0.019801,-0.003
164.34,0.022401,0.019801,-0.0026
164.65,0.022801,0.020201,-0.0026
164.95,0.022401,0.020201,-0.0022
165.26,0.022801,0.020201,-0.0026
165.56,0.022601,0.020401,-0.0022
165.87,0.022801,0.020401,-0.0024
166.17,0.022601,0.020401,-0.0022
166.48,0.022601,0.020601,-0.002
166.78,0.022601,0.020601,-0.002
167.09,0.022801,0.020601,-0.0022
167.39,0.023001,0.020401,-0.0026
167.7,0.022801,0.020801,-0.002
168,0.022401,0.020601,-0.0018
168.3,0.022801,0.021001,-0.0018
168.61,0.023201,0.020401,-0.0028
168.91,0.022601,0.020801,-0.0018
169.22,0.022601,0.020801,-0.0018
169.52,0.022801,0.020601,-0.0022
169.83,0.022201,0.021001,-0.0012
170.13,0.022601,0.020401,-0.0022
170.44,0.022801,0.020401,-0.0024
170.74,0.022201,0.020001,-0.0022
171.05,0.022401,0.020401,-0.002
171.35,0.022401,0.020201,-0.0022
171.66,0.022401,0.020401,-0.002
171.96,0.022401,0.020601,-0.0018
172.27,0.022401,0.020601,-0.0018
172.57,0.022401,0.020601,-0.0018
172.88,0.022401,0.020601,-0.0018
173.18,0.022601,0.021201,-0.0014
173.49,0.022601,0.020801,-0.0018
173.79,0.022401,0.021001,-0.0014
174.1,0.022401,0.021001,-0.0014
174.4,0.022201,0.020801,-0.0014
174.71,0.022601,0.020801,-0.0018
175.01,0.022801,0.021201,-0.0016
175.32,0.022601,0.021201,-0.0014
175.62,0.022401,0.021201,-0.0012
175.93,0.022201,0.021601,-0.0006
176.23,0.022201,0.021201,-0.001
176.54,0.022201,0.021401,-0.0008
176.84,0.022801,0.021001,-0.0018
177.15,0.022601,0.021401,-0.0012
177.45,0.022401,0.021001,-0.0014
177.76,0.022401,0.021601,-0.0008
178.06,0.022801,0.021201,-0.0016
178.37,0.022601,0.021401,-0.0012
178.67,0.022601,0.021801,-0.0008
178.98,0.022201,0.021601,-0.0006
179.28,0.022401,0.021401,-0.001
179.59,0.021801,0.022001,0.0002
179.89,0.022601,0.021801,-0.0008
180.2,0.022201,0.022201,0
180.5,0.022201,0.021601,-0.0006
180.8,0.022601,0.021601,-0.001
181.11,0.022601,0.021801,-0.0008
181.41,0.021801,0.021801,0
181.72,0.022201,0.021801,-0.0004
182.02,0.022401,0.022001,-0.0004
182.33,0.022601,0.022201,-0.0004
182.63,0.022601,0.022401,-0.0002
182.94,0.022601,0.022601,0
183.24,0.022201,0.022201,0
183.55,0.022001,0.021801,-0.0002
183.85,0.022001,0.022201,0.0002
184.16,0.022201,0.021801,-0.0004
184.46,0.022401,0.022001,-0.0004
184.77,0.022401,0.022401,0
185.07,0.022201,0.022401,0.0002
185.38,0.022401,0.022201,-0.0002
185.68,0.022801,0.022201,-0.0006
185.99,0.022201,0.022401,0.0002
186.29,0.022201,0.022001,-0.0002
186.6,0.022001,0.022201,0.0002
186.9,0.022201,0.022201,0
187.21,0.022001,0.022401,0.0004
187.51,0.022201,0.022601,0.0004
187.82,0.023001,0.022401,-0.0006
188.12,0.022601,0.022201,-0.0004
188.43,0.022801,0.022401,-0.0004
188.73,0.022801,0.022801,0
189.04,0.022601,0.022601,0
189.34,0.023001,0.022801,-0.0002
189.65,0.022801,0.022801,0
189.95,0.023001,0.022601,-0.0004
190.26,0.023201,0.022401,-0.0008
190.56,0.023001,0.022801,-0.0002
190.87,0.022801,0.022601,-0.0002
191.17,0.022601,0.022601,0
191.48,0.023201,0.022601,-0.0006
191.78,0.022801,0.023001,0.0002
192.09,0.022601,0.023401,0.0008
192.39,0.022801,0.022601,-0.0002
192.7,0.022801,0.023001,0.0002
193,0.023001,0.023201,0.0002
193.3,0.023201,0.023001,-0.0002
193.61,0.023201,0.022801,-0.0004
193.91,0.023001,0.023001,0
194.22,0.023802,0.023001,-0.000801
194.52,0.023401,0.023201,-0.0002
194.83,0.023001,0.023201,0.0002
195.13,0.023201,0.022801,-0.0004
195.44,0.023602,0.023001,-0.000601
195.74,0.023001,0.022801,-0.0002
196.05,0.022601,0.023401,0.0008
196.35,0.023401,0.023001,-0.0004
196.66,0.022601,0.023001,0.0004
196.96,0.022801,0.023201,0.0004
197.27,0.023602,0.023602,0
197.57,0.023001,0.023401,0.0004
197.88,0.023602,0.023401,-0.000201
198.18,0.023602,0.023401,-0.000201
198.49,0.023201,0.023201,0
198.79,0.023201,0.023201,0
199.1,0.023401,0.022801,-0.0006
199.4,0.023201,0.022801,-0.0004
199.71,0.023401,0.022801,-0.0006
200.01,0.023201,0.023401,0.0002
200.32,0.023802,0.023001,-0.000801
200.62,0.023401,0.022801,-0.0006
200.93,0.023602,0.022801,-0.000801
201.23,0.024002,0.023001,-0.001001
201.54,0.023001,0.023001,0
201.84,0.023001,0.023401,0.0004
202.15,0.023001,0.023001,0
202.45,0.023602,0.023201,-0.000401
202.76,0.023401,0.023201,-0.0002
203.06,0.023401,0.023001,-0.0004
203.37,0.023201,0.022601,-0.0006
203.67,0.023602,0.022801,-0.000801
203.98,0.022801,0.023001,0.0002
204.28,0.023201,0.022801,-0.0004
204.59,0.023401,0.023201,-0.0002
204.89,0.023401,0.023001,-0.0004
205.2,0.023401,0.023401,0
205.5,0.023802,0.023001,-0.000801
205.8,0.023401,0.023201,-0.0002
206.11,0.023802,0.023201,-0.000601
206.41,0.023602,0.023201,-0.000401
206.72,0.023602,0.023201,-0.000401
207.02,0.023802,0.022801,-0.001001
207.33,0.023201,0.023201,0
207.63,0.023602,0.023401,-0.000201
207.94,0.023201,0.023401,0.0002
208.24,0.023201,0.023602,0.000401
208.55,0.023001,0.023802,0.000801
208.85,0.022801,0.023602,0.000801
209.16,0.023001,0.023201,0.0002
209.46,0.023001,0.023401,0.0004
209.77,0.023401,0.023802,0.000401
210.07,0.023201,0.023802,0.000601
210.38,0.023201,0.023802,0.000601
210.68,0.023401,0.023201,-0.0002
210.99,0.023201,0.023201,0
211.29,0.023201,0.023602,0.000401
211.6,0.022801,0.023401,0.0006
211.9,0.023401,0.023001,-0.0004
212.21,0.023401,0.023401,0
212.51,0.023602,0.023602,0
212.82,0.023201,0.023201,0
213.12,0.024002,0.023602,-0.0004
213.43,0.023001,0.023602,0.000601
213.73,0.023602,0.023201,-0.000401
214.04,0.023401,0.023401,0
214.34,0.023201,0.023602,0.000401
214.65,0.023401,0.023602,0.000201
214.95,0.023001,0.023602,0.000601
215.26,0.023001,0.023201,0.0002
215.56,0.022601,0.023602,0.001001
215.87,0.023001,0.023602,0.000601
216.17,0.023401,0.023401,0
216.48,0.023401,0.023201,-0.0002
216.78,0.023401,0.023201,-0.0002
217.09,0.023802,0.023201,-0.000601
217.39,0.023602,0.023602,0
217.7,0.023001,0.023401,0.0004
218,0.022801,0.023001,0.0002
218.3,0.023401,0.023201,-0.0002
218.61,0.023001,0.023201,0.0002
218.91,0.023201,0.023201,0
219.22,0.023201,0.022801,-0.0004
219.52,0.023201,0.023201,0
219.83,0.023001,0.023401,0.0004
220.13,0.022801,0.022801,0
220.44,0.023001,0.023201,0.0002
220.74,0.023001,0.023602,0.000601
221.05,0.022801,0.023001,0.0002
221.35,0.023001,0.023001,0
221.66,0.022801,0.023401,0.0006
221.96,0.022801,0.023001,0.0002
222.27,0.023001,0.023001,0
222.57,0.023201,0.022801,-0.0004
222.88,0.023201,0.022801,-0.0004
223.18,0.023201,0.022801,-0.0004
223.49,0.022801,0.022801,0
223.79,0.022401,0.022801,0.0004
224.1,0.023001,0.022801,-0.0002
224.4,0.022601,0.022601,0
224.71,0.022801,0.022601,-0.0002
225.01,0.022801,0.023001,0.0002
225.32,0.023201,0.022801,-0.0004
225.62,0.023001,0.023001,0
225.93,0.022801,0.022601,-0.0002
226.23,0.022801,0.022601,-0.0002
226.54,0.022801,0.022401,-0.0004
226.84,0.023001,0.022401,-0.0006
227.15,0.023001,0.022601,-0.0004
227.45,0.023001,0.022401,-0.0006
227.76,0.023201,0.022401,-0.0008
228.06,0.023001,0.022601,-0.0004
228.37,0.023001,0.022201,-0.0008
228.67,0.023001,0.022801,-0.0002
228.98,0.023401,0.022601,-0.0008
229.28,0.022801,0.022201,-0.0006
229.59,0.022801,0.022601,-0.0002
229.89,0.022801,0.022801,0
230.2,0.023001,0.022401,-0.0006
230.5,0.023001,0.022601,-0.0004
230.8,0.022801,0.022401,-0.0004
231.11,0.023401,0.022401,-0.001
231.41,0.022801,0.022201,-0.0006
231.72,0.023001,0.022601,-0.0004
232.02,0.023001,0.022401,-0.0006
232.33,0.022401,0.022601,0.0002
232.63,0.023001,0.022201,-0.0008
232.94,0.022601,0.022201,-0.0004
233.24,0.022401,0.022401,0
233.55,0.022401,0.022001,-0.0004
233.85,0.022601,0.022601,0
234.16,0.022801,0.022601,-0.0002
234.46,0.022601,0.022001,-0.0006
234.77,0.023001,0.022201,-0.0008
235.07,0.022601,0.022401,-0.0002
235.38,0.022601,0.022001,-0.0006
235.68,0.022601,0.022401,-0.0002
235.99,0.023001,0.022801,-0.0002
236.29,0.023201,0.022201,-0.001
236.6,0.023201,0.022201,-0.001
236.9,0.022401,0.022401,0
237.21,0.022201,0.022201,0
237.51,0.022801,0.022601,-0.0002
237.82,0.022401,0.022401,0
238.12,0.022801,0.022401,-0.0004
238.43,0.022201,0.022401,0.0002
238.73,0.022201,0.022801,0.0006
239.04,0.023201,0.022201,-0.001
239.34,0.022801,0.022401,-0.0004
239.65,0.022601,0.022401,-0.0002
239.95,0.023001,0.022201,-0.0008
240.26,0.023401,0.022401,-0.001
240.56,0.023201,0.022601,-0.0006
240.87,0.023201,0.022401,-0.0008
241.17,0.022801,0.022201,-0.0006
241.48,0.022601,0.022201,-0.0004
241.78,0.022401,0.022001,-0.0004
242.09,0.022601,0.022401,-0.0002
242.39,0.022401,0.022201,-0.0002
242.7,0.022401,0.022001,-0.0004
243,0.022801,0.022201,-0.0006
243.3,0.023001,0.022201,-0.0008
243.61,0.022601,0.021601,-0.001
243.91,0.022601,0.022201,-0.0004
244.22,0.022201,0.021801,-0.0004
244.52,0.022601,0.021801,-0.0008
244.83,0.022201,0.021601,-0.0006
245.13,0.022401,0.021801,-0.0006
245.44,0.023001,0.021801,-0.0012
245.74,0.023001,0.022401,-0.0006
246.05,0.022801,0.021801,-0.001
246.35,0.023001,0.021801,-0.0012
246.66,0.022801,0.022201,-0.0006
246.96,0.022001,0.022001,0
247.27,0.022201,0.022001,-0.0002
247.57,0.021801,0.021801,0
247.88,0.022201,0.021601,-0.0006
248.18,0.022401,0.021801,-0.0006
248.49,0.022201,0.021601,-0.0006
248.79,0.022401,0.021001,-0.0014
249.1,0.022401,0.021801,-0.0006
249.4,0.022201,0.021401,-0.0008
249.71,0.022001,0.021801,-0.0002
250.01,0.022201,0.021401,-0.0008
250.32,0.022201,0.021201,-0.001
250.62,0.022201,0.021201,-0.001
250.93,0.022201,0.021201,-0.001
251.23,0.022201,0.021201,-0.001
251.54,0.022201,0.021001,-0.0012
251.84,0.022001,0.021001,-0.001
252.15,0.022201,0.020601,-0.0016
252.45,0.022001,0.021001,-0.001
252.76,0.022601,0.021201,-0.0014
253.06,0.022201,0.021001,-0.0012
253.37,0.022601,0.020801,-0.0018
253.67,0.022201,0.020801,-0.0014
253.98,0.022401,0.021001,-0.0014
254.28,0.022401,0.021001,-0.0014
254.59,0.022001,0.021001,-0.001
254.89,0.022201,0.021201,-0.001
255.2,0.022401,0.021201,-0.0012
255.5,0.022601,0.021401,-0.0012
255.8,0.022601,0.021401,-0.0012
256.11,0.022601,0.022001,-0.0006
256.41,0.022401,0.022201,-0.0002
256.72,0.022801,0.021801,-0.001
257.02,0.022201,0.021801,-0.0004
257.33,0.022801,0.021601,-0.0012
257.63,0.022601,0.021401,-0.0012
257.94,0.022601,0.021801,-0.0008
258.24,0.021801,0.021401,-0.0004
258.55,0.021801,0.021401,-0.0004
258.85,0.022201,0.021601,-0.0006
259.16,0.022401,0.021201,-0.0012
259.46,0.022201,0.021001,-0.0012
259.77,0.022201,0.021001,-0.0012
260.07,0.021801,0.021201,-0.0006
260.38,0.022201,0.021201,-0.001
260.68,0.022001,0.020801,-0.0012
260.99,0.021801,0.021401,-0.0004
261.29,0.021801,0.021201,-0.0006
261.6,0.021801,0.021401,-0.0004
261.9,0.021801,0.021201,-0.0006
262.21,0.021801,0.021601,-0.0002
262.51,0.022001,0.022001,0
262.82,0.021801,0.021801,0
263.12,0.022001,0.022001,0
263.43,0.021601,0.021801,0.0002
263.73,0.021801,0.022001,0.0002
264.04,0.022001,0.022401,0.0004
264.34,0.022001,0.022401,0.0004
264.65,0.022001,0.022401,0.0004
264.95,0.021601,0.022801,0.0012
265.26,0.021601,0.022401,0.0008
265.56,0.021201,0.022401,0.0012
265.87,0.021601,0.022401,0.0008
266.17,0.021401,0.022401,0.001
266.48,0.021401,0.022601,0.0012
266.78,0.021401,0.022801,0.0014
267.09,0.021401,0.022601,0.0012
267.39,0.021601,0.022201,0.0006
267.7,0.021601,0.022201,0.0006
268,0.021401,0.023201,0.0018
268.3,0.021201,0.023001,0.0018
268.61,0.021201,0.022601,0.0014
268.91,0.021601,0.022801,0.0012
269.22,0.021001,0.022601,0.0016
269.52,0.021601,0.023001,0.0014
269.83,0.021401,0.022601,0.0012
270.13,0.021001,0.022601,0.0016
270.44,0.021001,0.022601,0.0016
270.74,0.021201,0.023201,0.002
271.05,0.021001,0.023001,0.002
271.35,0.021201,0.022801,0.0016
271.66,0.021001,0.022801,0.0018
271.96,0.021401,0.022401,0.001
272.27,0.021601,0.022801,0.0012
272.57,0.021201,0.022601,0.0014
272.88,0.021601,0.022601,0.001
273.18,0.021401,0.022801,0.0014
273.49,0.021201,0.022601,0.0014
273.79,0.021401,0.022401,0.001
274.1,0.021401,0.022801,0.0014
274.4,0.021401,0.023001,0.0016
274.71,0.021201,0.022601,0.0014
275.01,0.021601,0.023001,0.0014
275.32,0.021801,0.022601,0.0008
275.62,0.021601,0.022401,0.0008
275.93,0.021601,0.022401,0.0008
276.23,0.021801,0.022601,0.0008
276.54,0.021801,0.022001,0.0002
276.84,0.021601,0.021801,0.0002
277.15,0.021401,0.022201,0.0008
277.45,0.021001,0.022201,0.0012
277.76,0.021401,0.022001,0.0006
278.06,0.021801,0.022201,0.0004
278.37,0.022001,0.022001,0
278.67,0.022001,0.021801,-0.0002
278.98,0.021801,0.021601,-0.0002
279.28,0.021401,0.021601,0.0002
279.59,0.022201,0.021601,-0.0006
279.89,0.021801,0.021601,-0.0002
280.2,0.021401,0.021801,0.0004
280.5,0.022001,0.022201,0.0002
280.8,0.021801,0.021601,-0.0002
281.11,0.022001,0.021401,-0.0006
281.41,0.021801,0.021601,-0.0002
281.72,0.021601,0.021801,0.0002
282.02,0.021401,0.021401,0
282.33,0.021401,0.021601,0.0002
282.63,0.021401,0.021201,-0.0002
282.94,0.021401,0.021001,-0.0004
283.24,0.021401,0.021601,0.0002
283.55,0.021601,0.021201,-0.0004
283.85,0.021601,0.020601,-0.001
284.16,0.021601,0.020601,-0.001
284.46,0.021801,0.020601,-0.0012
284.77,0.021601,0.020401,-0.0012
285.07,0.022001,0.020801,-0.0012
285.38,0.021401,0.020801,-0.0006
285.68,0.021401,0.020401,-0.001
285.99,0.021401,0.020601,-0.0008
286.29,0.021401,0.020601,-0.0008
286.6,0.021201,0.020001,-0.0012
286.9,0.022001,0.020401,-0.0016
287.21,0.021401,0.020401,-0.001
287.51,0.021801,0.020401,-0.0014
287.82,0.021201,0.020201,-0.001
288.12,0.021001,0.020401,-0.0006
288.43,0.021201,0.020401,-0.0008
288.73,0.021601,0.020201,-0.0014
289.04,0.021401,0.020201,-0.0012
289.34,0.021601,0.020601,-0.001
289.65,0.021201,0.021001,-0.0002
289.95,0.021401,0.020801,-0.0006
290.26,0.021201,0.020401,-0.0008
290.56,0.021401,0.020401,-0.001
290.87,0.021201,0.020001,-0.0012
291.17,0.021401,0.020601,-0.0008
291.48,0.021001,0.020401,-0.0006
291.78,0.020801,0.020401,-0.0004
292.09,0.020801,0.021001,0.0002
292.39,0.021401,0.021001,-0.0004
292.7,0.021201,0.020401,-0.0008
293,0.020801,0.020401,-0.0004
293.3,0.021201,0.020601,-0.0006
293.61,0.021001,0.020601,-0.0004
293.91,0.021001,0.020401,-0.0006
294.22,0.021201,0.020201,-0.001
294.52,0.021401,0.020601,-0.0008
294.83,0.021201,0.020601,-0.0006
295.13,0.021401,0.020401,-0.001
295.44,0.021601,0.020401,-0.0012
295.74,0.021201,0.020801,-0.0004
296.05,0.021001,0.020601,-0.0004
296.35,0.021201,0.020801,-0.0004
296.66,0.021201,0.021001,-0.0002
296.96,0.020801,0.020801,0
297.27,0.021001,0.020601,-0.0004
297.57,0.021201,0.020401,-0.0008
297.88,0.021001,0.021001,0
298.18,0.021601,0.020601,-0.001
298.49,0.020801,0.020801,0
298.79,0.020601,0.021201,0.0006
299.1,0.021401,0.020801,-0.0006
299.4,0.021401,0.021201,-0.0002
299.71,0.021401,0.021001,-0.0004
300.01,0.021401,0.020801,-0.0006
300.32,0.021201,0.021401,0.0002
300.62,0.021201,0.021201,0
300.93,0.021401,0.021001,-0.0004
301.23,0.021601,0.021401,-0.0002
301.54,0.021601,0.021201,-0.0004
301.84,0.021201,0.020401,-0.0008
302.15,0.021201,0.021201,0
302.45,0.021001,0.020801,-0.0002
302.76,0.021401,0.021001,-0.0004
303.06,0.021401,0.021401,0
303.37,0.021401,0.021601,0.0002
303.67,0.021201,0.021801,0.0006
303.98,0.021201,0.021401,0.0002
304.28,0.021601,0.020801,-0.0008
304.59,0.021401,0.021201,-0.0002
304.89,0.021801,0.021201,-0.0006
305.2,0.021401,0.021001,-0.0004
305.5,0.022001,0.021401,-0.0006
305.8,0.021601,0.021601,0
306.11,0.021401,0.021001,-0.0004
306.41,0.022001,0.021001,-0.001
306.72,0.021801,0.021001,-0.0008
307.02,0.021401,0.021401,0
307.33,0.021401,0.021201,-0.0002
307.63,0.021601,0.020801,-0.0008
307.94,0.021401,0.021001,-0.0004
308.24,0.021601,0.021001,-0.0006
308.55,0.022201,0.021401,-0.0008
308.85,0.021601,0.021201,-0.0004
309.16,0.021601,0.021401,-0.0002
309.46,0.022001,0.021201,-0.0008
309.77,0.022001,0.021401,-0.0006
310.07,0.022001,0.021001,-0.001
310.38,0.021801,0.021201,-0.0006
310.68,0.021601,0.021201,-0.0004
310.99,0.021801,0.021601,-0.0002
311.29,0.021801,0.021001,-0.0008
311.6,0.022001,0.021401,-0.0006
311.9,0.022001,0.021201,-0.0008
312.21,0.022001,0.021001,-0.001
312.51,0.022201,0.021601,-0.0006
312.82,0.022201,0.021601,-0.0006
313.12,0.022001,0.021601,-0.0004
313.43,0.021601,0.022001,0.0004
313.73,0.021801,0.021801,0
314.04,0.022201,0.021601,-0.0006
314.34,0.021801,0.021801,0
314.65,0.022201,0.022001,-0.0002
314.95,0.022201,0.021601,-0.0006
315.26,0.022001,0.022001,0
315.56,0.022601,0.021801,-0.0008
315.87,0.022601,0.022001,-0.0006
316.17,0.022201,0.022201,0
316.48,0.022401,0.022201,-0.0002
316.78,0.022401,0.022201,-0.0002
317.09,0.022601,0.022201,-0.0004
317.39,0.022401,0.022601,0.0002
317.7,0.022201,0.022001,-0.0002
318,0.022801,0.022201,-0.0006
318.3,0.022401,0.022401,0
318.61,0.022801,0.022001,-0.0008
318.91,0.022201,0.022401,0.0002
319.22,0.022001,0.022401,0.0004
319.52,0.022401,0.022401,0
319.83,0.022201,0.022801,0.0006
320.13,0.023001,0.022401,-0.0006
320.44,0.022201,0.022801,0.0006
320.74,0.022401,0.022201,-0.0002
321.05,0.022801,0.022601,-0.0002
321.35,0.023201,0.022201,-0.001
321.66,0.022801,0.022201,-0.0006
321.96,0.022201,0.023001,0.0008
322.27,0.022401,0.022801,0.0004
322.57,0.022201,0.023001,0.0008
322.88,0.022801,0.022401,-0.0004
323.18,0.022801,0.022601,-0.0002
323.49,0.023001,0.022201,-0.0008
323.79,0.022801,0.022201,-0.0006
324.1,0.022801,0.022001,-0.0008
324.4,0.022401,0.022801,0.0004
324.71,0.022601,0.022401,-0.0002
325.01,0.023001,0.023001,0
325.32,0.023401,0.022801,-0.0006
325.62,0.022801,0.022001,-0.0008
325.93,0.023001,0.022601,-0.0004
326.23,0.022801,0.022801,0
326.54,0.022801,0.022601,-0.0002
326.84,0.022801,0.022401,-0.0004
327.15,0.022801,0.023001,0.0002
327.45,0.022401,0.022801,0.0004
327.76,0.022601,0.023201,0.0006
328.06,0.023001,0.023401,0.0004
328.37,0.022801,0.023401,0.0006
328.67,0.023201,0.023401,0.0002
328.98,0.023201,0.023201,0
329.28,0.023001,0.023201,0.0002
329.59,0.023001,0.023201,0.0002
329.89,0.022801,0.023201,0.0004
330.2,0.022801,0.022801,0
330.5,0.023201,0.023001,-0.0002
330.8,0.023401,0.023201,-0.0002
331.11,0.023201,0.023401,0.0002
331.41,0.023001,0.022801,-0.0002
331.72,0.023001,0.023401,0.0004
332.02,0.023001,0.023001,0
332.33,0.023401,0.023001,-0.0004
332.63,0.023401,0.023201,-0.0002
332.94,0.023401,0.023602,0.000201
333.24,0.023201,0.023602,0.000401
333.55,0.023201,0.023001,-0.0002
333.85,0.023001,0.023201,0.0002
334.16,0.022401,0.023001,0.0006
334.46,0.022601,0.023001,0.0004
334.77,0.023001,0.023001,0
335.07,0.022401,0.023201,0.0008
335.38,0.023001,0.023401,0.0004
335.68,0.023201,0.023602,0.000401
335.99,0.023001,0.023401,0.0004
336.29,0.023201,0.023401,0.0002
336.6,0.023001,0.023201,0.0002
336.9,0.023401,0.023001,-0.0004
337.21,0.023401,0.022801,-0.0006
337.51,0.023802,0.022801,-0.001001
337.82,0.023802,0.023201,-0.000601
338.12,0.023602,0.022801,-0.000801
338.43,0.023802,0.023201,-0.000601
338.73,0.022801,0.022801,0
339.04,0.022801,0.023001,0.0002
339.34,0.023401,0.023401,0
339.65,0.023001,0.022801,-0.0002
339.95,0.023001,0.023201,0.0002
340.26,0.023201,0.023001,-0.0002
340.56,0.022801,0.023001,0.0002
340.87,0.023201,0.022601,-0.0006
341.17,0.023602,0.022601,-0.001001
341.48,0.023201,0.023001,-0.0002
341.78,0.023001,0.023201,0.0002
342.09,0.023201,0.022801,-0.0004
342.39,0.023401,0.023001,-0.0004
342.7,0.023201,0.023001,-0.0002
343,0.023201,0.022801,-0.0004
343.3,0.023602,0.023401,-0.000201
343.61,0.023201,0.023401,0.0002
343.91,0.023001,0.023602,0.000601
344.22,0.022601,0.023602,0.001001
344.52,0.023001,0.023802,0.000801
344.83,0.023001,0.023001,0
345.13,0.023401,0.022801,-0.0006
345.44,0.023001,0.023401,0.0004
345.74,0.023001,0.022801,-0.0002
346.05,0.022801,0.023401,0.0006
346.35,0.023001,0.023602,0.000601
346.66,0.023201,0.023602,0.000401
346.96,0.023802,0.023401,-0.000401
347.27,0.023401,0.023201,-0.0002
347.57,0.023001,0.023001,0
347.88,0.022801,0.022801,0
348.18,0.023201,0.023201,0
348.49,0.023201,0.023201,0
348.79,0.023602,0.023201,-0.000401
349.1,0.023401,0.023401,0
349.4,0.023802,0.023401,-0.000401
349.71,0.023602,0.023401,-0.000201
350.01,0.023001,0.023401,0.0004
350.32,0.023401,0.023001,-0.0004
350.62,0.024002,0.023401,-0.000601
350.93,0.023401,0.023802,0.000401
351.23,0.023201,0.023001,-0.0002
351.54,0.023401,0.023201,-0.0002
351.84,0.023401,0.023001,-0.0004
352.15,0.023602,0.023001,-0.000601
352.45,0.023802,0.023001,-0.000801
352.76,0.024002,0.023802,-0.0002
353.06,0.024002,0.023401,-0.000601
353.37,0.023602,0.023602,0
353.67,0.023602,0.023201,-0.000401
353.98,0.024002,0.023001,-0.001001
354.28,0.024002,0.023201,-0.000801
354.59,0.024002,0.023401,-0.000601
354.89,0.024002,0.023401,-0.000601
355.2,0.024402,0.023602,-0.0008
355.5,0.024202,0.023401,-0.000801
355.8,0.023602,0.023001,-0.000601
356.11,0.023602,0.023001,-0.000601
356.41,0.023602,0.023201,-0.000401
356.72,0.023602,0.023802,0.0002
357.02,0.023602,0.023802,0.0002
357.33,0.023602,0.023802,0.0002
357.63,0.023802,0.023401,-0.000401
357.94,0.024002,0.023401,-0.000601
358.24,0.023602,0.023802,0.0002
358.55,0.024202,0.023201,-0.001001
358.85,0.024402,0.023201,-0.001201
359.16,0.024402,0.024002,-0.0004
359.46,0.024002,0.023401,-0.000601
359.77,0.023802,0.023201,-0.000601
360.07,0.024002,0.023401,-0.000601
360.38,0.023802,0.024002,0.0002
360.68,0.023802,0.022801,-0.001001
360.99,0.024202,0.023802,-0.0004
361.29,0.024202,0.024002,-0.0002
361.6,0.024202,0.023802,-0.0004
361.9,0.024202,0.024002,-0.0002
362.21,0.024002,0.024002,0
362.51,0.023602,0.023401,-0.000201
362.82,0.024002,0.023401,-0.000601
363.12,0.024202,0.023802,-0.0004
363.43,0.023802,0.023001,-0.000801
363.73,0.023802,0.022601,-0.001201
364.04,0.023802,0.023602,-0.0002
364.34,0.023401,0.023401,0
364.65,0.023401,0.023602,0.000201
364.95,0.023401,0.023802,0.000401
365.26,0.023802,0.023802,0
365.56,0.023802,0.024202,0.0004
365.87,0.024202,0.024202,0
366.17,0.024002,0.023401,-0.000601
366.48,0.023802,0.023001,-0.000801
366.78,0.023602,0.023201,-0.000401
367.09,0.024002,0.023602,-0.0004
367.39,0.023802,0.023201,-0.000601
367.7,0.023602,0.023802,0.0002
368,0.023401,0.023602,0.000201
368.3,0.023201,0.023802,0.000601
368.61,0.023201,0.024002,0.000801
368.91,0.023401,0.023602,0.000201
369.22,0.023401,0.024002,0.000601
369.52,0.023602,0.023602,0
369.83,0.023602,0.024202,0.0006
370.13,0.023602,0.023802,0.0002
370.44,0.023201,0.023401,0.0002
370.74,0.024002,0.023201,-0.000801
371.05,0.023602,0.024402,0.0008
371.35,0.023401,0.024002,0.000601
371.66,0.023401,0.023401,0
371.96,0.023602,0.023401,-0.000201
372.27,0.023401,0.023802,0.000401
372.57,0.023802,0.023401,-0.000401
372.88,0.023401,0.024602,0.001201
373.18,0.023201,0.024002,0.000801
373.49,0.023602,0.023802,0.0002
373.79,0.023602,0.024002,0.0004
374.1,0.024202,0.023401,-0.000801
374.4,0.023401,0.023802,0.000401
374.71,0.023802,0.023802,0
375.01,0.023401,0.024202,0.000801
375.32,0.023802,0.023802,0
375.62,0.023802,0.024002,0.0002
375.93,0.023602,0.024402,0.0008
376.23,0.023401,0.023802,0.000401
376.54,0.023401,0.024202,0.000801
376.84,0.024202,0.024202,0
377.15,0.024002,0.023602,-0.0004
377.45,0.023602,0.024002,0.0004
377.76,0.023602,0.024002,0.0004
378.06,0.023802,0.024402,0.0006
378.37,0.024002,0.023802,-0.0002
378.67,0.024402,0.023401,-0.001001
378.98,0.024002,0.024002,0
379.28,0.023401,0.023602,0.000201
379.59,0.024202,0.024002,-0.0002
379.89,0.024202,0.024002,-0.0002
380.2,0.024002,0.023802,-0.0002
380.5,0.024002,0.024402,0.0004
380.8,0.023802,0.023802,0
381.11,0.024202,0.023602,-0.0006
381.41,0.024202,0.024002,-0.0002
381.72,0.023602,0.023602,0
382.02,0.024002,0.023001,-0.001001
382.33,0.024002,0.024002,0
382.63,0.023802,0.024202,0.0004
382.94,0.023602,0.024002,0.0004
383.24,0.023201,0.024002,0.000801
383.55,0.023401,0.024402,0.001001
383.85,0.023602,0.023802,0.0002
384.16,0.023602,0.023201,-0.000401
384.46,0.023602,0.023802,0.0002
384.77,0.023602,0.023001,-0.000601
385.07,0.023602,0.023401,-0.000201
385.38,0.024002,0.023802,-0.0002
385.68,0.023201,0.023802,0.000601
385.99,0.023401,0.024002,0.000601
386.29,0.023602,0.023602,0
386.6,0.023802,0.023602,-0.0002
386.9,0.023602,0.023201,-0.000401
387.21,0.023001,0.023802,0.000801
387.51,0.023602,0.023401,-0.000201
387.82,0.023201,0.023201,0
388.12,0.023201,0.023802,0.000601
388.43,0.023401,0.023201,-0.0002
388.73,0.023001,0.022801,-0.0002
389.04,0.023201,0.023401,0.0002
389.34,0.023201,0.023001,-0.0002
389.65,0.023602,0.023201,-0.000401
389.95,0.023201,0.023602,0.000401
390.26,0.023401,0.023401,0
390.56,0.023602,0.023401,-0.000201
390.87,0.023602,0.022801,-0.000801
391.17,0.023602,0.023401,-0.000201
391.48,0.022801,0.023001,0.0002
391.78,0.023001,0.023201,0.0002
392.09,0.023201,0.023201,0
392.39,0.023602,0.023201,-0.000401
392.7,0.023401,0.023001,-0.0004
393,0.023001,0.023201,0.0002
393.3,0.023401,0.023401,0
393.61,0.023001,0.023401,0.0004
393.91,0.023201,0.023201,0
394.22,0.023802,0.023401,-0.000401
394.52,0.023802,0.023201,-0.000601
394.83,0.023001,0.023401,0.0004
395.13,0.023602,0.023201,-0.000401
395.44,0.023802,0.023602,-0.0002
395.74,0.023401,0.023201,-0.0002
396.05,0.023001,0.023401,0.0004
396.35,0.023001,0.023602,0.000601
396.66,0.023201,0.023401,0.0002
396.96,0.023001,0.023201,0.0002
397.27,0.023201,0.023401,0.0002
397.57,0.023201,0.023602,0.000401
397.88,0.023401,0.023802,0.000401
398.18,0.023401,0.023401,0
398.49,0.023201,0.023401,0.0002
398.79,0.023802,0.023602,-0.0002
399.1,0.023001,0.024002,0.001001
399.4,0.023001,0.024202,0.001201
399.71,0.023401,0.023802,0.000401
400.01,0.023201,0.023802,0.000601
400.32,0.023602,0.024002,0.0004
400.62,0.024002,0.023802,-0.0002
400.93,0.023802,0.023802,0
401.23,0.024002,0.024002,0
401.54,0.023602,0.023802,0.0002
401.84,0.022801,0.023602,0.000801
402.15,0.023401,0.023802,0.000401
402.45,0.023802,0.024602,0.0008
402.76,0.023802,0.024202,0.0004
403.06,0.024002,0.023602,-0.0004
403.37,0.024002,0.023602,-0.0004
403.67,0.023802,0.024402,0.0006
403.98,0.023001,0.024202,0.001201
404.28,0.023602,0.024002,0.0004
404.59,0.023802,0.023602,-0.0002
404.89,0.024002,0.024202,0.0002
405.2,0.024002,0.024602,0.0006
405.5,0.024002,0.024202,0.0002
405.8,0.023401,0.024202,0.000801
406.11,0.024002,0.024802,0.0008
406.41,0.023802,0.024202,0.0004
406.72,0.024202,0.023602,-0.0006
407.02,0.023802,0.023802,0
407.33,0.024202,0.024002,-0.0002
407.63,0.023602,0.024002,0.0004
407.94,0.024002,0.023602,-0.0004
408.24,0.024002,0.024402,0.0004
408.55,0.024202,0.024202,0
408.85,0.024202,0.024402,0.0002
409.16,0.024402,0.024202,-0.0002
409.46,0.024002,0.024002,0
409.77,0.024202,0.024002,-0.0002
410.07,0.023602,0.024002,0.0004
410.38,0.023602,0.024002,0.0004
410.68,0.023802,0.024002,0.0002
410.99,0.023802,0.024002,0.0002
411.29,0.024202,0.024402,0.0002
411.6,0.024002,0.024802,0.0008
411.9,0.024802,0.024602,-0.0002
412.21,0.023802,0.024202,0.0004
412.51,0.023401,0.024802,0.001401
412.82,0.023802,0.024202,0.0004
413.12,0.023602,0.024602,0.001
413.43,0.024202,0.024402,0.0002
413.73,0.024402,0.024602,0.0002
414.04,0.024202,0.024602,0.0004
414.34,0.024202,0.024002,-0.0002
414.65,0.024002,0.024602,0.0006
414.95,0.023802,0.024202,0.0004
415.26,0.023802,0.024202,0.0004
415.56,0.024202,0.023802,-0.0004
415.87,0.024402,0.024402,0
416.17,0.024002,0.024402,0.0004
416.48,0.023802,0.024602,0.0008
416.78,0.023201,0.024802,0.001601
417.09,0.024002,0.024402,0.0004
417.39,0.023602,0.024602,0.001
417.7,0.024002,0.024402,0.0004
418,0.024002,0.024002,0
418.3,0.024002,0.024802,0.0008
418.61,0.024002,0.024602,0.0006
418.91,0.024202,0.024802,0.0006
419.22,0.024402,0.024802,0.0004
419.52,0.024002,0.024402,0.0004
419.83,0.024402,0.024602,0.0002
420.13,0.024602,0.025002,0.0004
420.44,0.024602,0.024602,0
420.74,0.024802,0.025002,0.0002
421.05,0.025002,0.024602,-0.0004
421.35,0.025002,0.025002,0
421.66,0.024802,0.025202,0.0004
421.96,0.024402,0.025402,0.001
422.27,0.024802,0.024802,0
422.57,0.025202,0.024802,-0.0004
422.88,0.024802,0.025002,0.0002
423.18,0.024402,0.025002,0.0006
423.49,0.024402,0.025402,0.001
423.79,0.024602,0.024802,0.0002
424.1,0.024402,0.025002,0.0006
424.4,0.024402,0.025202,0.0008
424.71,0.025202,0.025802,0.0006
425.01,0.024802,0.025602,0.0008
425.32,0.025202,0.025802,0.0006
425.62,0.024802,0.025402,0.0006
425.93,0.024802,0.025402,0.0006
426.23,0.025002,0.025002,0
426.54,0.025402,0.025002,-0.0004
426.84,0.025202,0.025402,0.0002
427.15,0.025202,0.025402,0.0002
427.45,0.025402,0.025602,0.0002
427.76,0.024802,0.025802,0.001
428.06,0.025202,0.026002,0.0008
428.37,0.025602,0.026002,0.0004
428.67,0.025602,0.025402,-0.0002
428.98,0.025802,0.025602,-0.0002
429.28,0.025202,0.025402,0.0002
429.59,0.024602,0.025402,0.0008
429.89,0.025002,0.026202,0.0012
430.2,0.025402,0.026002,0.0006
430.5,0.026002,0.025802,-0.0002
430.8,0.025802,0.026402,0.0006
431.11,0.025402,0.025802,0.0004
431.41,0.025802,0.026602,0.0008
431.72,0.025802,0.026002,0.0002
432.02,0.026002,0.026602,0.0006
432.33,0.025602,0.026602,0.001
432.63,0.025602,0.026402,0.0008
432.94,0.026202,0.026202,0
433.24,0.025802,0.026202,0.0004
433.55,0.026202,0.026402,0.0002
433.85,0.026002,0.026002,0
434.16,0.025802,0.026402,0.0006
434.46,0.025402,0.026402,0.001
434.77,0.026002,0.026802,0.0008
435.07,0.025802,0.026402,0.0006
435.38,0.025402,0.026802,0.0014
435.68,0.026202,0.026602,0.0004
435.99,0.026202,0.026602,0.0004
436.29,0.026402,0.026602,0.0002
436.6,0.026402,0.026602,0.0002
436.9,0.026002,0.026602,0.0006
437.21,0.026402,0.026402,0
437.51,0.027402,0.027202,-0.0002
437.82,0.027402,0.027202,-0.0002
438.12,0.027002,0.026602,-0.0004
438.43,0.026602,0.027002,0.0004
438.73,0.026202,0.027802,0.0016
439.04,0.026802,0.026802,0
439.34,0.026402,0.026602,0.0002
439.65,0.026402,0.027202,0.0008
439.95,0.027002,0.027402,0.0004
440.26,0.026402,0.027002,0.0006
440.56,0.026602,0.026802,0.0002
440.87,0.026402,0.027402,0.001
441.17,0.026602,0.027202,0.0006
441.48,0.026402,0.027002,0.0006
441.78,0.026402,0.027202,0.0008
442.09,0.027002,0.027602,0.0006
442.39,0.026802,0.027002,0.0002
442.7,0.026602,0.026802,0.0002
443,0.027002,0.027202,0.0002
443.3,0.027202,0.027802,0.0006
443.61,0.027402,0.027402,0
443.91,0.026802,0.027402,0.0006
444.22,0.026402,0.027402,0.001
444.52,0.026402,0.027602,0.0012
444.83,0.026602,0.027002,0.0004
445.13,0.026802,0.027202,0.0004
445.44,0.026802,0.027202,0.0004
445.74,0.026602,0.027402,0.0008
446.05,0.026802,0.027602,0.0008
446.35,0.027002,0.027402,0.0004
446.66,0.027402,0.027602,0.0002
446.96,0.027002,0.028402,0.0014
447.27,0.026802,0.028002,0.0012
447.57,0.026602,0.027602,0.001
447.88,0.027202,0.028002,0.0008
448.18,0.027202,0.027602,0.0004
448.49,0.027002,0.027402,0.0004
448.79,0.027002,0.027802,0.0008
449.1,0.027602,0.028202,0.0006
449.4,0.027602,0.027802,0.0002
449.71,0.027202,0.028002,0.0008
450.01,0.027002,0.028002,0.001
450.32,0.027002,0.027402,0.0004
450.62,0.027402,0.027402,0
450.93,0.027402,0.028402,0.001
451.23,0.027002,0.028402,0.0014
451.54,0.027402,0.028202,0.0008
451.84,0.027402,0.028002,0.0006
452.15,0.027402,0.028002,0.0006
452.45,0.027602,0.028402,0.0008
452.76,0.027802,0.028202,0.0004
453.06,0.027402,0.028202,0.0008
453.37,0.028002,0.028402,0.0004
453.67,0.027802,0.028602,0.0008
453.98,0.027802,0.028202,0.0004
454.28,0.027802,0.028002,0.0002
454.59,0.028202,0.028002,-0.0002
454.89,0.028202,0.028002,-0.0002
455.2,0.028202,0.028202,0
455.5,0.028402,0.028402,0
455.8,0.027602,0.029002,0.0014
456.11,0.028402,0.028602,0.0002
456.41,0.028202,0.028202,0
456.72,0.028002,0.028202,0.0002
457.02,0.027802,0.028402,0.0006
457.33,0.028002,0.028602,0.0006
457.63,0.028002,0.028802,0.0008
457.94,0.027602,0.028402,0.0008
458.24,0.028002,0.028602,0.0006
458.55,0.028802,0.028802,0
458.85,0.028602,0.029202,0.0006
459.16,0.028002,0.029202,0.0012
459.46,0.028402,0.028802,0.0004
459.77,0.028602,0.028602,0
460.07,0.028202,0.029002,0.0008
460.38,0.028802,0.028802,0
460.68,0.029002,0.028602,-0.0004
460.99,0.028802,0.028602,-0.0002
461.29,0.028602,0.029202,0.0006
461.6,0.028802,0.029202,0.0004
461.9,0.029002,0.028802,-0.0002
462.21,0.028602,0.028602,0
462.51,0.028802,0.028802,0
462.82,0.028602,0.029402,0.0008
463.12,0.028602,0.028802,0.0002
463.43,0.029002,0.029002,0
463.73,0.028802,0.029202,0.0004
464.04,0.028002,0.028802,0.0008
464.34,0.028202,0.029002,0.0008
464.65,0.028602,0.029202,0.0006
464.95,0.028602,0.029602,0.001
465.26,0.028602,0.029402,0.0008
465.56,0.028602,0.030002,0.0014
465.87,0.028802,0.029202,0.0004
466.17,0.028402,0.029002,0.0006
466.48,0.028802,0.029802,0.001
466.78,0.029202,0.029202,0
467.09,0.029402,0.029802,0.0004
467.39,0.029002,0.029402,0.0004
467.7,0.028802,0.029802,0.001
468,0.029002,0.030202,0.0012
468.3,0.029002,0.029602,0.0006
468.61,0.029202,0.029802,0.0006
468.91,0.029202,0.029202,0
469.22,0.029402,0.029402,0
469.52,0.030002,0.029802,-0.0002
469.83,0.029602,0.029402,-0.0002
470.13,0.029402,0.029802,0.0004
470.44,0.029202,0.029402,0.0002
470.74,0.029402,0.029802,0.0004
471.05,0.029802,0.030202,0.0004
471.35,0.029202,0.030002,0.0008
471.66,0.029402,0.029802,0.0004
471.96,0.030002,0.030402,0.0004
472.27,0.029602,0.030202,0.0006
472.57,0.029602,0.030402,0.0008
472.88,0.029802,0.030602,0.0008
473.18,0.029802,0.030202,0.0004
473.49,0.029802,0.030002,0.0002
473.79,0.030202,0.029802,-0.0004
474.1,0.030202,0.030402,0.0002
474.4,0.030202,0.030402,0.0002
474.71,0.030202,0.030002,-0.0002
475.01,0.029602,0.029802,0.0002
475.32,0.030002,0.030802,0.0008
475.62,0.030402,0.030402,0
475.93,0.029802,0.030402,0.0006
476.23,0.030202,0.030602,0.0004
476.54,0.030002,0.030402,0.0004
476.84,0.030202,0.030402,0.0002
477.15,0.030602,0.030202,-0.0004
477.45,0.030602,0.030002,-0.0006
477.76,0.030002,0.030602,0.0006
478.06,0.030002,0.030602,0.0006
478.37,0.030602,0.030802,0.0002
478.67,0.030402,0.030802,0.0004
478.98,0.030802,0.030802,0
479.28,0.030802,0.031002,0.0002
479.59,0.030402,0.031002,0.0006
479.89,0.030602,0.031202,0.0006
480.2,0.030602,0.031002,0.0004
480.5,0.030802,0.030402,-0.0004
480.8,0.030402,0.030802,0.0004
481.11,0.030602,0.031002,0.0004
481.41,0.030802,0.031002,0.0002
481.72,0.030802,0.031602,0.0008
482.02,0.031002,0.031602,0.0006
482.33,0.030802,0.031402,0.0006
482.63,0.030802,0.031202,0.0004
482.94,0.031602,0.031202,-0.0004
483.24,0.031002,0.031202,0.0002
483.55,0.031002,0.030802,-0.0002
483.85,0.031002,0.030802,-0.0002
484.16,0.030602,0.031402,0.0008
484.46,0.031402,0.031602,0.0002
484.77,0.031202,0.031802,0.0006
485.07,0.031202,0.031802,0.0006
485.38,0.031202,0.031002,-0.0002
485.68,0.030602,0.031602,0.001
485.99,0.031002,0.032002,0.001
486.29,0.030802,0.032202,0.0014
486.6,0.031002,0.031802,0.0008
486.9,0.031602,0.032002,0.0004
487.21,0.031202,0.031802,0.0006
487.51,0.031202,0.031602,0.0004
487.82,0.031802,0.031402,-0.0004
488.12,0.031202,0.031802,0.0006
488.43,0.031402,0.031802,0.0004
488.73,0.031202,0.032202,0.001
489.04,0.031402,0.031802,0.0004
489.34,0.031002,0.031802,0.0008
489.65,0.031202,0.032602,0.0014
489.95,0.031402,0.032602,0.0012
490.26,0.031802,0.032202,0.0004
490.56,0.032002,0.032402,0.0004
490.87,0.031402,0.032402,0.001
491.17,0.031602,0.032202,0.0006
491.48,0.031802,0.032602,0.0008
491.78,0.031202,0.031802,0.0006
492.09,0.031602,0.032002,0.0004
492.39,0.032002,0.032802,0.0008
492.7,0.031602,0.032602,0.001
493,0.031402,0.032602,0.0012
493.3,0.032002,0.032802,0.0008
493.61,0.031602,0.032802,0.0012
493.91,0.031602,0.032602,0.001
494.22,0.032002,0.033002,0.001
494.52,0.032002,0.033002,0.001
494.83,0.032402,0.033002,0.0006
495.13,0.032602,0.032802,0.0002
495.44,0.032402,0.032802,0.0004
495.74,0.032602,0.033202,0.0006
496.05,0.032402,0.033202,0.0008
496.35,0.032402,0.033002,0.0006
496.66,0.032202,0.032602,0.0004
496.96,0.032402,0.033002,0.0006
497.27,0.032402,0.033002,0.0006
497.57,0.032402,0.033202,0.0008
497.88,0.032602,0.032802,0.0002
498.18,0.032802,0.033002,0.0002
498.49,0.032802,0.033002,0.0002
498.79,0.032602,0.033002,0.0004
499.1,0.032802,0.033402,0.0006
499.4,0.033002,0.032802,-0.0002
499.71,0.032402,0.033002,0.0006
500.01,0.033402,0.033202,-0.0002
500.32,0.032802,0.033002,0.0002
500.62,0.032802,0.033202,0.0004
500.93,0.033002,0.033402,0.0004
501.23,0.033402,0.032602,-0.0008
501.54,0.032802,0.033002,0.0002
501.84,0.032802,0.033202,0.0004
502.15,0.033602,0.033002,-0.0006
502.45,0.033402,0.033002,-0.0004
502.76,0.033002,0.033002,0
503.06,0.033202,0.032802,-0.0004
503.37,0.033802,0.033002,-0.0008
503.67,0.033002,0.033002,0
503.98,0.032802,0.033202,0.0004
504.28,0.032802,0.033202,0.0004
504.59,0.033602,0.033202,-0.0004
504.89,0.033002,0.033602,0.0006
505.2,0.033202,0.032802,-0.0004
505.5,0.032802,0.032802,0
505.8,0.032802,0.032602,-0.0002
506.11,0.033002,0.032802,-0.0002
506.41,0.033002,0.033202,0.0002
506.72,0.032602,0.033202,0.0006
507.02,0.033002,0.033002,0
507.33,0.032802,0.032802,0
507.63,0.032802,0.033202,0.0004
507.94,0.033002,0.033402,0.0004
508.24,0.032802,0.033402,0.0006
508.55,0.033402,0.033602,0.0002
508.85,0.033402,0.033602,0.0002
509.16,0.033202,0.033202,0
509.46,0.033002,0.033202,0.0002
509.77,0.032602,0.033602,0.001
510.07,0.032802,0.034002,0.0012
510.38,0.033202,0.033802,0.0006
510.68,0.032402,0.033402,0.001
510.99,0.033202,0.033602,0.0004
511.29,0.033202,0.033602,0.0004
511.6,0.033002,0.033802,0.0008
511.9,0.033002,0.033402,0.0004
512.21,0.032802,0.033802,0.001
512.51,0.032602,0.033602,0.001
512.82,0.033002,0.033602,0.0006
513.12,0.033202,0.033802,0.0006
513.43,0.033402,0.034002,0.0006
513.73,0.033402,0.034002,0.0006
514.04,0.032802,0.033602,0.0008
514.34,0.033402,0.034002,0.0006
514.65,0.033402,0.034002,0.0006
514.95,0.033402,0.034202,0.0008
515.26,0.033402,0.034402,0.001
515.56,0.033602,0.034402,0.0008
515.87,0.033802,0.034402,0.0006
516.17,0.033802,0.034402,0.0006
516.48,0.033402,0.034202,0.0008
516.78,0.034002,0.034402,0.0004
517.09,0.033802,0.034802,0.001
517.39,0.033602,0.034602,0.001
517.7,0.034002,0.034402,0.0004
518,0.033402,0.034602,0.0012
518.3,0.033802,0.034602,0.0008
518.61,0.034202,0.034602,0.0004
518.91,0.033602,0.035002,0.0014
519.22,0.033802,0.035402,0.0016
519.52,0.034002,0.034802,0.0008
519.83,0.034202,0.034402,0.0002
520.13,0.034202,0.034602,0.0004
520.44,0.034602,0.034602,0
520.74,0.034002,0.034802,0.0008
521.05,0.034202,0.034602,0.0004
521.35,0.034402,0.035002,0.0006
521.66,0.034602,0.034402,-0.0002
521.96,0.034202,0.034802,0.0006
522.27,0.034202,0.035002,0.0008
522.57,0.034602,0.035002,0.0004
522.88,0.034602,0.035002,0.0004
523.18,0.034802,0.035402,0.0006
523.49,0.035002,0.035002,0
523.79,0.034402,0.034802,0.0004
524.1,0.035002,0.034802,-0.0002
524.4,0.034802,0.034802,0
524.71,0.035002,0.035002,0
525.01,0.035202,0.035002,-0.0002
525.32,0.034802,0.034602,-0.0002
525.62,0.034802,0.034802,0
525.93,0.034802,0.034802,0
526.23,0.035202,0.034802,-0.0004
526.54,0.035202,0.035002,-0.0002
526.84,0.035202,0.034602,-0.0006
527.15,0.034802,0.034802,0
527.45,0.034802,0.035202,0.0004
527.76,0.035202,0.035002,-0.0002
528.06,0.035202,0.034802,-0.0004
528.37,0.035402,0.035402,0
528.67,0.035002,0.035002,0
528.98,0.035002,0.035402,0.0004
529.28,0.035402,0.035002,-0.0004
529.59,0.035002,0.034802,-0.0002
529.89,0.035002,0.035202,0.0002
530.2,0.035002,0.035202,0.0002
530.5,0.034802,0.034602,-0.0002
530.8,0.034802,0.035202,0.0004
531.11,0.034602,0.035402,0.0008
531.41,0.034602,0.035202,0.0006
531.72,0.035402,0.035002,-0.0004
532.02,0.035402,0.035002,-0.0004
532.33,0.035002,0.035202,0.0002
532.63,0.035202,0.035002,-0.0002
532.94,0.034802,0.035002,0.0002
533.24,0.035002,0.035402,0.0004
533.55,0.034602,0.035202,0.0006
533.85,0.034602,0.035002,0.0004
534.16,0.035002,0.035002,0
534.46,0.034802,0.035602,0.0008
534.77,0.035602,0.035802,0.0002
535.07,0.035602,0.035402,-0.0002
535.38,0.034402,0.035402,0.001
535.68,0.035402,0.034602,-0.0008
535.99,0.035402,0.035202,-0.0002
536.29,0.035002,0.035402,0.0004
536.6,0.034802,0.035602,0.0008
536.9,0.035202,0.035802,0.0006
537.21,0.035202,0.035402,0.0002
537.51,0.035002,0.035802,0.0008
537.82,0.035202,0.036002,0.0008
538.12,0.034802,0.035802,0.001
538.43,0.034802,0.036002,0.0012
538.73,0.035402,0.035802,0.0004
539.04,0.035602,0.036002,0.0004
539.34,0.035202,0.035802,0.0006
539.65,0.035802,0.036002,0.0002
539.95,0.036002,0.035602,-0.0004
540.26,0.035402,0.036002,0.0006
540.56,0.035602,0.036002,0.0004
540.87,0.035802,0.036202,0.0004
541.17,0.036002,0.036002,0
541.48,0.035802,0.035602,-0.0002
541.78,0.035802,0.035802,0
542.09,0.035802,0.036202,0.0004
542.39,0.035802,0.036202,0.0004
542.7,0.035802,0.036202,0.0004
543,0.036402,0.036402,0
543.3,0.036202,0.036802,0.0006
543.61,0.035602,0.036602,0.001
543.91,0.036402,0.036402,0
544.22,0.036002,0.036602,0.0006
544.52,0.036002,0.036202,0.0002
544.83,0.036202,0.036002,-0.0002
545.13,0.036402,0.036402,0
545.44,0.036602,0.036602,0
545.74,0.036402,0.036402,0
546.05,0.036002,0.036602,0.0006
546.35,0.036402,0.036602,0.0002
546.66,0.036602,0.036402,-0.0002
546.96,0.036802,0.036602,-0.0002
547.27,0.036802,0.036402,-0.0004
547.57,0.036602,0.036402,-0.0002
547.88,0.036602,0.036202,-0.0004
548.18,0.036602,0.036402,-0.0002
548.49,0.036602,0.036402,-0.0002
548.79,0.036202,0.036402,0.0002
549.1,0.036802,0.036802,0
549.4,0.036802,0.036802,0
549.71,0.036602,0.036402,-0.0002
550.01,0.036802,0.037002,0.0002
550.32,0.037202,0.036402,-0.0008
550.62,0.037002,0.036402,-0.0006
550.93,0.037202,0.036602,-0.0006
551.23,0.037002,0.036002,-0.001
551.54,0.036602,0.036202,-0.0004
551.84,0.036602,0.036602,0
552.15,0.036802,0.036602,-0.0002
552.45,0.036402,0.036602,0.0002
552.76,0.036802,0.036602,-0.0002
553.06,0.037002,0.036802,-0.0002
553.37,0.036802,0.037002,0.0002
553.67,0.036802,0.036402,-0.0004
553.98,0.036602,0.037202,0.0006
