-100.62,0.03304,0.0328,-0.00024
-100.46,0.03288,0.03288,0
-100.31,0.03312,0.03328,0.00016
-100.16,0.03296,0.03344,0.00048
-100.01,0.03296,0.03328,0.00032
-99.855,0.03304,0.03304,0
-99.702,0.03296,0.03312,0.00016
-99.55,0.0328,0.0332,0.0004
-99.398,0.03288,0.03344,0.00056
-99.245,0.03304,0.03336,0.00032
-99.093,0.0332,0.03296,-0.00024
-98.94,0.0332,0.03296,-0.00024
-98.788,0.03304,0.03296,-8e-05
-98.635,0.03304,0.03312,8e-05
-98.483,0.03328,0.0332,-8e-05
-98.33,0.0332,0.03328,8e-05
-98.178,0.03304,0.03312,8e-05
-98.026,0.03288,0.0332,0.00032
-97.873,0.0328,0.03328,0.00048
-97.721,0.0328,0.03336,0.00056
-97.568,0.03256,0.03336,0.0008
-97.416,0.03288,0.03336,0.00048
-97.263,0.03328,0.03312,-0.00016
-97.111,0.03304,0.03312,8e-05
-96.959,0.03272,0.03328,0.00056
-96.806,0.03264,0.03336,0.00072
-96.654,0.03296,0.0332,0.00024
-96.501,0.03312,0.03328,0.00016
-96.349,0.0328,0.0332,0.0004
-96.196,0.0324,0.03304,0.00064
-96.044,0.03264,0.03312,0.00048
-95.891,0.03288,0.0332,0.00032
-95.739,0.03296,0.03328,0.00032
-95.587,0.03272,0.0332,0.00048
-95.434,0.0328,0.03288,8e-05
-95.282,0.03304,0.03296,-8e-05
-95.129,0.03304,0.03312,8e-05
-94.977,0.03312,0.03312,0
-94.824,0.03312,0.03312,0
-94.672,0.03312,0.0332,8e-05
-94.52,0.03312,0.0332,8e-05
-94.367,0.03304,0.03328,0.00024
-94.215,0.03272,0.03312,0.0004
-94.062,0.03264,0.03312,0.00048
-93.91,0.03272,0.03328,0.00056
-93.757,0.03264,0.03344,0.0008
-93.605,0.0328,0.03344,0.00064
-93.452,0.03288,0.03328,0.0004
-93.3,0.03272,0.03296,0.00024
-93.148,0.03272,0.03312,0.0004
-92.995,0.03296,0.03312,0.00016
-92.843,0.0328,0.0328,0
-92.69,0.03256,0.03312,0.00056
-92.538,0.03272,0.03328,0.00056
-92.385,0.03288,0.03312,0.00024
-92.233,0.03288,0.03304,0.00016
-92.08,0.03272,0.0332,0.00048
-91.928,0.03264,0.03296,0.00032
-91.776,0.0328,0.03304,0.00024
-91.623,0.0328,0.03328,0.00048
-91.471,0.0328,0.0332,0.0004
-91.318,0.03288,0.03312,0.00024
-91.166,0.03288,0.03272,-0.00016
-91.013,0.0328,0.03312,0.00032
-90.861,0.03256,0.03304,0.00048
-90.709,0.03248,0.03296,0.00048
-90.556,0.03256,0.03288,0.00032
-90.404,0.03272,0.03296,0.00024
-90.251,0.03288,0.03312,0.00024
-90.099,0.03304,0.03336,0.00032
-89.946,0.03288,0.03312,0.00024
-89.794,0.03296,0.0328,-0.00016
-89.641,0.03296,0.03312,0.00016
-89.489,0.03256,0.03288,0.00032
-89.337,0.0324,0.03304,0.00064
-89.184,0.03264,0.03304,0.0004
-89.032,0.03272,0.0332,0.00048
-88.879,0.03256,0.03328,0.00072
-88.727,0.03288,0.0332,0.00032
-88.574,0.0328,0.03312,0.00032
-88.422,0.03256,0.03296,0.0004
-88.27,0.03264,0.03336,0.00072
-88.117,0.03256,0.03328,0.00072
-87.965,0.03232,0.03312,0.0008
-87.812,0.03232,0.03288,0.00056
-87.66,0.03248,0.03296,0.00048
-87.507,0.03296,0.0332,0.00024
-87.355,0.03296,0.03304,8e-05
-87.202,0.03256,0.03312,0.00056
-87.05,0.03232,0.03288,0.00056
-86.898,0.03264,0.03296,0.00032
-86.745,0.03296,0.0332,0.00024
-86.593,0.03312,0.03304,-8e-05
-86.44,0.0328,0.03304,0.00024
-86.288,0.03248,0.0332,0.00072
-86.135,0.03264,0.0332,0.00056
-85.983,0.0328,0.03288,8e-05
-85.83,0.03288,0.03288,0
-85.678,0.03224,0.0328,0.00056
-85.526,0.03176,0.0332,0.00144
-85.373,0.032,0.03336,0.00136
-85.221,0.03264,0.03288,0.00024
-85.068,0.03224,0.03264,0.0004
-84.916,0.03192,0.03288,0.00096
-84.763,0.03248,0.0328,0.00032
-84.611,0.0328,0.03248,-0.00032
-84.459,0.03272,0.03224,-0.00048
-84.306,0.03264,0.03264,0
-84.154,0.03272,0.03288,0.00016
-84.001,0.03288,0.03288,0
-83.849,0.0328,0.0328,0
-83.696,0.03256,0.03256,0
-83.544,0.032,0.0328,0.0008
-83.391,0.03224,0.03304,0.0008
-83.239,0.0328,0.03312,0.00032
-83.087,0.03272,0.03288,0.00016
-82.934,0.03216,0.03272,0.00056
-82.782,0.0324,0.03264,0.00024
-82.629,0.03288,0.03248,-0.0004
-82.477,0.03272,0.03256,-0.00016
-82.324,0.03248,0.03264,0.00016
-82.172,0.03264,0.03256,-8e-05
-82.02,0.03256,0.03248,-8e-05
-81.867,0.03248,0.03256,8e-05
-81.715,0.03224,0.0324,0.00016
-81.562,0.03232,0.03248,0.00016
-81.41,0.03232,0.03272,0.0004
-81.257,0.0324,0.0324,0
-81.105,0.03256,0.0324,-0.00016
-80.952,0.03264,0.03264,0
-80.8,0.03248,0.03272,0.00024
-80.648,0.03232,0.03256,0.00024
-80.495,0.03264,0.03264,0
-80.343,0.03312,0.0328,-0.00032
-80.19,0.0328,0.0328,0
-80.038,0.03248,0.0328,0.00032
-79.885,0.03272,0.03288,0.00016
-79.733,0.03288,0.0328,-8e-05
-79.58,0.03264,0.03232,-0.00032
-79.428,0.03248,0.03216,-0.00032
-79.276,0.03248,0.03224,-0.00024
-79.123,0.03256,0.03248,-8e-05
-78.971,0.03248,0.03272,0.00024
-78.818,0.03216,0.0328,0.00064
-78.666,0.03192,0.03256,0.00064
-78.513,0.03216,0.03248,0.00032
-78.361,0.03256,0.03208,-0.00048
-78.209,0.03216,0.032,-0.00016
-78.056,0.03176,0.03232,0.00056
-77.904,0.03168,0.03288,0.0012
-77.751,0.03168,0.03264,0.00096
-77.599,0.03192,0.03232,0.0004
-77.446,0.03224,0.03232,8e-05
-77.294,0.03264,0.03248,-0.00016
-77.141,0.03288,0.03264,-0.00024
-76.989,0.03256,0.0324,-0.00016
-76.837,0.0324,0.03224,-0.00016
-76.684,0.0324,0.03248,8e-05
-76.532,0.03232,0.0328,0.00048
-76.379,0.03248,0.03288,0.0004
-76.227,0.03256,0.0328,0.00024
-76.074,0.03216,0.03232,0.00016
-75.922,0.03136,0.03208,0.00072
-75.77,0.03152,0.03216,0.00064
-75.617,0.03216,0.03248,0.00032
-75.465,0.0324,0.0328,0.0004
-75.312,0.03208,0.0328,0.00072
-75.16,0.03176,0.03224,0.00048
-75.007,0.032,0.03208,8e-05
-74.855,0.0324,0.03216,-0.00024
-74.702,0.03264,0.03224,-0.0004
-74.55,0.03264,0.03272,8e-05
-74.398,0.03208,0.03272,0.00064
-74.245,0.03128,0.03248,0.0012
-74.093,0.03136,0.03248,0.00112
-73.94,0.03184,0.03288,0.00104
-73.788,0.03168,0.03272,0.00104
-73.635,0.03176,0.03208,0.00032
-73.483,0.03144,0.032,0.00056
-73.33,0.03144,0.032,0.00056
-73.178,0.03184,0.03232,0.00048
-73.026,0.032,0.03224,0.00024
-72.873,0.03176,0.03184,8e-05
-72.721,0.03192,0.03168,-0.00024
-72.568,0.03192,0.032,8e-05
-72.416,0.03192,0.03224,0.00032
-72.263,0.03192,0.03256,0.00064
-72.111,0.03176,0.03264,0.00088
-71.959,0.03176,0.03208,0.00032
-71.806,0.03208,0.03152,-0.00056
-71.654,0.03232,0.03152,-0.0008
-71.501,0.03152,0.03208,0.00056
-71.349,0.0308,0.0324,0.0016
-71.196,0.03064,0.03248,0.00184
-71.044,0.03096,0.0324,0.00144
-70.891,0.0312,0.03208,0.00088
-70.739,0.03136,0.03184,0.00048
-70.587,0.0316,0.03184,0.00024
-70.434,0.0316,0.032,0.0004
-70.282,0.03184,0.03216,0.00032
-70.129,0.03168,0.03232,0.00064
-69.977,0.03168,0.03248,0.0008
-69.824,0.03152,0.03264,0.00112
-69.672,0.0312,0.03208,0.00088
-69.52,0.0312,0.03136,0.00016
-69.367,0.0312,0.03192,0.00072
-69.215,0.03128,0.03232,0.00104
-69.062,0.03128,0.03264,0.00136
-68.91,0.03144,0.03256,0.00112
-68.757,0.0316,0.03216,0.00056
-68.605,0.03152,0.03152,0
-68.452,0.03136,0.03128,-8e-05
-68.3,0.0312,0.03144,0.00024
-68.148,0.03104,0.03184,0.0008
-67.995,0.03112,0.03208,0.00096
-67.843,0.0312,0.03208,0.00088
-67.69,0.03112,0.03184,0.00072
-67.538,0.03112,0.03192,0.0008
-67.385,0.03112,0.03144,0.00032
-67.233,0.03064,0.03096,0.00032
-67.08,0.0304,0.03136,0.00096
-66.928,0.0304,0.03176,0.00136
-66.776,0.03088,0.03192,0.00104
-66.623,0.03152,0.03176,0.00024
-66.471,0.03168,0.03128,-0.0004
-66.318,0.03112,0.0312,8e-05
-66.166,0.0304,0.03144,0.00104
-66.013,0.03056,0.03208,0.00152
-65.861,0.03072,0.03208,0.00136
-65.709,0.03048,0.03176,0.00128
-65.556,0.03024,0.03152,0.00128
-65.404,0.03032,0.03152,0.0012
-65.251,0.03048,0.03152,0.00104
-65.099,0.03032,0.03152,0.0012
-64.946,0.03008,0.03176,0.00168
-64.794,0.02984,0.03184,0.002
-64.641,0.02992,0.03136,0.00144
-64.489,0.03,0.03112,0.00112
-64.337,0.03032,0.03136,0.00104
-64.184,0.0304,0.03144,0.00104
-64.032,0.03056,0.03128,0.00072
-63.879,0.03072,0.03152,0.0008
-63.727,0.0308,0.03208,0.00128
-63.574,0.03072,0.03224,0.00152
-63.422,0.03064,0.03184,0.0012
-63.27,0.03056,0.03144,0.00088
-63.117,0.03064,0.03096,0.00032
-62.965,0.0308,0.03088,8e-05
-62.812,0.0312,0.03032,-0.00088
-62.66,0.03072,0.03032,-0.0004
-62.507,0.03008,0.03072,0.00064
-62.355,0.02968,0.03136,0.00168
-62.202,0.02976,0.0316,0.00184
-62.05,0.02992,0.03136,0.00144
-61.898,0.02984,0.0312,0.00136
-61.745,0.02936,0.03136,0.002
-61.593,0.02896,0.03152,0.00256
-61.44,0.02912,0.03144,0.00232
-61.288,0.02952,0.03104,0.00152
-61.135,0.02992,0.03056,0.00064
-60.983,0.02952,0.03064,0.00112
-60.83,0.02912,0.03104,0.00192
-60.678,0.0292,0.03136,0.00216
-60.526,0.02968,0.03128,0.0016
-60.373,0.02992,0.0308,0.00088
-60.221,0.02976,0.0304,0.00064
-60.068,0.02944,0.03,0.00056
-59.916,0.02952,0.03,0.00048
-59.763,0.0296,0.03,0.0004
-59.611,0.02952,0.03024,0.00072
-59.459,0.02936,0.03048,0.00112
-59.306,0.02944,0.03072,0.00128
-59.154,0.02904,0.03056,0.00152
-59.001,0.0288,0.0304,0.0016
-58.849,0.0288,0.03024,0.00144
-58.696,0.02928,0.03048,0.0012
-58.544,0.02952,0.03104,0.00152
-58.391,0.02928,0.03112,0.00184
-58.239,0.0292,0.0308,0.0016
-58.087,0.02936,0.03048,0.00112
-57.934,0.02968,0.03048,0.0008
-57.782,0.02984,0.03064,0.0008
-57.629,0.03,0.03072,0.00072
-57.477,0.02984,0.03032,0.00048
-57.324,0.02936,0.03008,0.00072
-57.172,0.02896,0.03008,0.00112
-57.02,0.02872,0.0304,0.00168
-56.867,0.02856,0.03072,0.00216
-56.715,0.02872,0.0304,0.00168
-56.562,0.02888,0.02944,0.00056
-56.41,0.02872,0.0288,8e-05
-56.257,0.02848,0.0292,0.00072
-56.105,0.02872,0.03,0.00128
-55.952,0.02936,0.03032,0.00096
-55.8,0.0296,0.03,0.0004
-55.648,0.02952,0.02944,-8e-05
-55.495,0.02912,0.02936,0.00024
-55.343,0.02904,0.02944,0.0004
-55.19,0.02888,0.02936,0.00048
-55.038,0.0292,0.0292,0
-54.885,0.02912,0.02968,0.00056
-54.733,0.02896,0.03016,0.0012
-54.58,0.02872,0.03,0.00128
-54.428,0.02888,0.0296,0.00072
-54.276,0.02888,0.02984,0.00096
-54.123,0.02896,0.03016,0.0012
-53.971,0.02896,0.02984,0.00088
-53.818,0.0288,0.02944,0.00064
-53.666,0.02872,0.02968,0.00096
-53.513,0.02848,0.02992,0.00144
-53.361,0.02832,0.0296,0.00128
-53.209,0.02848,0.02912,0.00064
-53.056,0.0288,0.0288,0
-52.904,0.02904,0.0292,0.00016
-52.751,0.02896,0.02944,0.00048
-52.599,0.02856,0.0292,0.00064
-52.446,0.02816,0.02888,0.00072
-52.294,0.02816,0.02888,0.00072
-52.141,0.02832,0.02904,0.00072
-51.989,0.02824,0.02912,0.00088
-51.837,0.02832,0.0292,0.00088
-51.684,0.02856,0.02928,0.00072
-51.532,0.0288,0.02928,0.00048
-51.379,0.0288,0.02912,0.00032
-51.227,0.02848,0.0288,0.00032
-51.074,0.02832,0.02888,0.00056
-50.922,0.02832,0.0292,0.00088
-50.77,0.0284,0.02952,0.00112
-50.617,0.02832,0.02936,0.00104
-50.465,0.02824,0.0288,0.00056
-50.312,0.02808,0.0288,0.00072
-50.16,0.028,0.02896,0.00096
-50.007,0.02784,0.02888,0.00104
-49.855,0.02808,0.02872,0.00064
-49.702,0.02808,0.02864,0.00056
-49.55,0.028,0.02896,0.00096
-49.398,0.02832,0.02896,0.00064
-49.245,0.02872,0.0288,8e-05
-49.093,0.02848,0.02832,-0.00016
-48.94,0.02816,0.028,-0.00016
-48.788,0.02808,0.02792,-0.00016
-48.635,0.02792,0.0284,0.00048
-48.483,0.02776,0.02896,0.0012
-48.33,0.02752,0.02912,0.0016
-48.178,0.02784,0.02888,0.00104
-48.026,0.028,0.0284,0.0004
-47.873,0.02784,0.0284,0.00056
-47.721,0.02768,0.02864,0.00096
-47.568,0.0276,0.0288,0.0012
-47.416,0.02776,0.0288,0.00104
-47.263,0.02768,0.02856,0.00088
-47.111,0.0276,0.02856,0.00096
-46.959,0.02784,0.0284,0.00056
-46.806,0.02824,0.02808,-0.00016
-46.654,0.02816,0.02824,8e-05
-46.501,0.02784,0.02848,0.00064
-46.349,0.02768,0.02864,0.00096
-46.196,0.02784,0.02848,0.00064
-46.044,0.02784,0.02816,0.00032
-45.891,0.02744,0.028,0.00056
-45.739,0.0272,0.02808,0.00088
-45.587,0.02728,0.028,0.00072
-45.434,0.02744,0.02832,0.00088
-45.282,0.02752,0.02856,0.00104
-45.129,0.02768,0.02848,0.0008
-44.977,0.02752,0.02792,0.0004
-44.824,0.02744,0.02752,8e-05
-44.672,0.02744,0.02768,0.00024
-44.52,0.02768,0.02808,0.0004
-44.367,0.02752,0.02832,0.0008
-44.215,0.02752,0.0284,0.00088
-44.062,0.0276,0.02816,0.00056
-43.91,0.02752,0.028,0.00048
-43.757,0.02752,0.02776,0.00024
-43.605,0.02736,0.02776,0.0004
-43.452,0.02736,0.028,0.00064
-43.3,0.02752,0.02824,0.00072
-43.148,0.02736,0.02848,0.00112
-42.995,0.02712,0.02808,0.00096
-42.843,0.02728,0.02768,0.0004
-42.69,0.02736,0.02792,0.00056
-42.538,0.02704,0.02808,0.00104
-42.385,0.02688,0.02792,0.00104
-42.233,0.02712,0.02744,0.00032
-42.08,0.02752,0.02728,-0.00024
-41.928,0.02744,0.02744,0
-41.776,0.02688,0.02768,0.0008
-41.623,0.02656,0.02776,0.0012
-41.471,0.0268,0.028,0.0012
-41.318,0.02744,0.02808,0.00064
-41.166,0.02768,0.028,0.00032
-41.013,0.02728,0.02768,0.0004
-40.861,0.0272,0.02744,0.00024
-40.709,0.02712,0.02744,0.00032
-40.556,0.02696,0.02784,0.00088
-40.404,0.02664,0.02808,0.00144
-40.251,0.02672,0.02808,0.00136
-40.099,0.0272,0.02776,0.00056
-39.946,0.0272,0.02744,0.00024
-39.794,0.02672,0.02736,0.00064
-39.641,0.02624,0.02744,0.0012
-39.489,0.02632,0.02744,0.00112
-39.337,0.02672,0.02712,0.0004
-39.184,0.02696,0.0268,-0.00016
-39.032,0.02704,0.02688,-0.00016
-38.879,0.02688,0.02712,0.00024
-38.727,0.0268,0.02736,0.00056
-38.574,0.02664,0.02752,0.00088
-38.422,0.02632,0.02768,0.00136
-38.27,0.02616,0.0276,0.00144
-38.117,0.0264,0.02752,0.00112
-37.965,0.02664,0.0276,0.00096
-37.812,0.02632,0.0276,0.00128
-37.66,0.02616,0.02744,0.00128
-37.507,0.02608,0.02688,0.0008
-37.355,0.02656,0.02664,8e-05
-37.202,0.02672,0.0268,8e-05
-37.05,0.02632,0.02704,0.00072
-36.898,0.02584,0.02736,0.00152
-36.745,0.02584,0.02752,0.00168
-36.593,0.026,0.02768,0.00168
-36.44,0.02624,0.02752,0.00128
-36.288,0.02616,0.02688,0.00072
-36.135,0.02592,0.02648,0.00056
-35.983,0.026,0.02656,0.00056
-35.83,0.02616,0.0272,0.00104
-35.678,0.02632,0.02744,0.00112
-35.526,0.02616,0.0272,0.00104
-35.373,0.02624,0.0268,0.00056
-35.221,0.02632,0.02664,0.00032
-35.068,0.02632,0.02696,0.00064
-34.916,0.02608,0.02744,0.00136
-34.763,0.02568,0.0276,0.00192
-34.611,0.02568,0.02736,0.00168
-34.459,0.026,0.02704,0.00104
-34.306,0.0264,0.02704,0.00064
-34.154,0.0264,0.02696,0.00056
-34.001,0.02616,0.02696,0.0008
-33.849,0.02576,0.02672,0.00096
-33.696,0.02584,0.02664,0.0008
-33.544,0.02576,0.02672,0.00096
-33.391,0.02584,0.02672,0.00088
-33.239,0.02568,0.02704,0.00136
-33.087,0.02584,0.02728,0.00144
-32.934,0.02592,0.02744,0.00152
-32.782,0.026,0.02744,0.00144
-32.629,0.02576,0.02728,0.00152
-32.477,0.026,0.0272,0.0012
-32.324,0.02608,0.02752,0.00144
-32.172,0.02608,0.02744,0.00136
-32.02,0.02584,0.02728,0.00144
-31.867,0.02568,0.02704,0.00136
-31.715,0.02576,0.02696,0.0012
-31.562,0.02584,0.02704,0.0012
-31.41,0.02576,0.0268,0.00104
-31.257,0.02576,0.02672,0.00096
-31.105,0.02576,0.02704,0.00128
-30.952,0.02576,0.02712,0.00136
-30.8,0.0256,0.02696,0.00136
-30.648,0.02544,0.02656,0.00112
-30.495,0.02536,0.0264,0.00104
-30.343,0.0252,0.0268,0.0016
-30.19,0.02504,0.02688,0.00184
-30.038,0.02496,0.02664,0.00168
-29.885,0.02528,0.02656,0.00128
-29.733,0.0256,0.02656,0.00096
-29.58,0.02576,0.0264,0.00064
-29.428,0.02552,0.02624,0.00072
-29.276,0.02528,0.02632,0.00104
-29.123,0.02544,0.02632,0.00088
-28.971,0.02584,0.02624,0.0004
-28.818,0.02592,0.0264,0.00048
-28.666,0.02568,0.02672,0.00104
-28.513,0.02544,0.02696,0.00152
-28.361,0.02552,0.02664,0.00112
-28.209,0.02536,0.0264,0.00104
-28.056,0.0252,0.02624,0.00104
-27.904,0.0252,0.02608,0.00088
-27.751,0.02536,0.02592,0.00056
-27.599,0.02552,0.02568,0.00016
-27.446,0.0252,0.02584,0.00064
-27.294,0.0248,0.02592,0.00112
-27.141,0.02496,0.02584,0.00088
-26.989,0.0252,0.02568,0.00048
-26.837,0.02504,0.02576,0.00072
-26.684,0.02472,0.026,0.00128
-26.532,0.02472,0.026,0.00128
-26.379,0.02496,0.02592,0.00096
-26.227,0.0252,0.02576,0.00056
-26.074,0.02512,0.02552,0.0004
-25.922,0.02512,0.02544,0.00032
-25.77,0.02504,0.02536,0.00032
-25.617,0.02504,0.02544,0.0004
-25.465,0.02488,0.02552,0.00064
-25.312,0.02472,0.02552,0.0008
-25.16,0.0248,0.0256,0.0008
-25.007,0.0248,0.02576,0.00096
-24.855,0.0248,0.02576,0.00096
-24.702,0.02456,0.02544,0.00088
-24.55,0.02472,0.02536,0.00064
-24.398,0.02496,0.02552,0.00056
-24.245,0.02504,0.02568,0.00064
-24.093,0.02488,0.02552,0.00064
-23.94,0.02488,0.02504,0.00016
-23.788,0.02488,0.0252,0.00032
-23.635,0.02512,0.0256,0.00048
-23.483,0.02544,0.02616,0.00072
-23.33,0.0252,0.02608,0.00088
-23.178,0.0248,0.0256,0.0008
-23.026,0.02448,0.02512,0.00064
-22.873,0.02464,0.02504,0.0004
-22.721,0.02472,0.02528,0.00056
-22.568,0.02488,0.02536,0.00048
-22.416,0.02496,0.02536,0.0004
-22.263,0.02496,0.0252,0.00024
-22.111,0.02456,0.0252,0.00064
-21.959,0.02424,0.02528,0.00104
-21.806,0.0244,0.02536,0.00096
-21.654,0.02496,0.02536,0.0004
-21.501,0.02512,0.0252,8e-05
-21.349,0.02488,0.02496,8e-05
-21.196,0.02464,0.02488,0.00024
-21.044,0.02464,0.02496,0.00032
-20.891,0.02464,0.0248,0.00016
-20.739,0.0244,0.02472,0.00032
-20.587,0.02416,0.02448,0.00032
-20.434,0.02416,0.0244,0.00024
-20.282,0.02424,0.02448,0.00024
-20.129,0.02416,0.02456,0.0004
-19.977,0.02432,0.02448,0.00016
-19.824,0.0244,0.02464,0.00024
-19.672,0.02424,0.02496,0.00072
-19.52,0.02432,0.02488,0.00056
-19.367,0.02448,0.02488,0.0004
-19.215,0.02448,0.0248,0.00032
-19.062,0.0244,0.02448,8e-05
-18.91,0.02448,0.02432,-0.00016
-18.757,0.02464,0.02424,-0.0004
-18.605,0.02488,0.02432,-0.00056
-18.452,0.02472,0.0244,-0.00032
-18.3,0.02416,0.0244,0.00024
-18.148,0.02384,0.02432,0.00048
-17.995,0.02392,0.02456,0.00064
-17.843,0.02408,0.02448,0.0004
-17.69,0.02408,0.02424,0.00016
-17.538,0.02368,0.02408,0.0004
-17.385,0.0236,0.02424,0.00064
-17.233,0.02368,0.02456,0.00088
-17.08,0.02376,0.02432,0.00056
-16.928,0.02384,0.02408,0.00024
-16.776,0.02416,0.02424,8e-05
-16.623,0.02432,0.02456,0.00024
-16.471,0.02448,0.02472,0.00024
-16.318,0.02424,0.02432,8e-05
-16.166,0.02392,0.02408,0.00016
-16.013,0.02408,0.02408,0
-15.861,0.02424,0.0244,0.00016
-15.709,0.02416,0.0244,0.00024
-15.556,0.02424,0.02432,8e-05
-15.404,0.024,0.024,0
-15.251,0.02392,0.02408,0.00016
-15.099,0.02376,0.02432,0.00056
-14.946,0.02368,0.02432,0.00064
-14.794,0.02344,0.02424,0.0008
-14.641,0.02352,0.02456,0.00104
-14.489,0.02344,0.02456,0.00112
-14.337,0.0232,0.0244,0.0012
-14.184,0.02288,0.02432,0.00144
-14.032,0.02288,0.0244,0.00152
-13.879,0.0232,0.02464,0.00144
-13.727,0.02352,0.02448,0.00096
-13.574,0.02368,0.024,0.00032
-13.422,0.02328,0.02392,0.00064
-13.27,0.02288,0.02408,0.0012
-13.117,0.02304,0.02432,0.00128
-12.965,0.0236,0.02408,0.00048
-12.812,0.02368,0.02368,0
-12.66,0.0236,0.02344,-0.00016
-12.507,0.02336,0.0236,0.00024
-12.355,0.0236,0.02352,-8e-05
-12.202,0.02368,0.02336,-0.00032
-12.05,0.02352,0.02344,-8e-05
-11.898,0.02336,0.0236,0.00024
-11.745,0.0236,0.02384,0.00024
-11.593,0.02376,0.02368,-8e-05
-11.44,0.0236,0.02344,-0.00016
-11.288,0.02352,0.02352,0
-11.135,0.02352,0.0236,8e-05
-10.983,0.02336,0.02376,0.0004
-10.83,0.02312,0.02376,0.00064
-10.678,0.02288,0.02384,0.00096
-10.526,0.02264,0.02392,0.00128
-10.373,0.0228,0.02392,0.00112
-10.221,0.02272,0.02376,0.00104
-10.068,0.02304,0.02384,0.0008
-9.9159,0.02328,0.02416,0.00088
-9.7634,0.02352,0.0244,0.00088
-9.611,0.0232,0.0244,0.0012
-9.4585,0.02288,0.02448,0.0016
-9.3061,0.02272,0.02472,0.002
-9.1537,0.0228,0.02488,0.00208
-9.0012,0.02272,0.02496,0.00224
-8.8488,0.0224,0.02512,0.00272
-8.6963,0.02256,0.02544,0.00288
-8.5439,0.0228,0.02576,0.00296
-8.3915,0.0228,0.02584,0.00304
-8.239,0.02256,0.0256,0.00304
-8.0866,0.0224,0.02568,0.00328
-7.9341,0.02256,0.02624,0.00368
-7.7817,0.02288,0.02688,0.004
-7.6293,0.0228,0.02704,0.00424
-7.4768,0.02264,0.0268,0.00416
-7.3244,0.02264,0.02656,0.00392
-7.172,0.02272,0.0264,0.00368
-7.0195,0.0228,0.02648,0.00368
-6.8671,0.02264,0.02656,0.00392
-6.7146,0.02232,0.02656,0.00424
-6.5622,0.02248,0.02632,0.00384
-6.4098,0.0228,0.026,0.0032
-6.2573,0.02272,0.02624,0.00352
-6.1049,0.02232,0.02632,0.004
-5.9524,0.02216,0.02616,0.004
-5.8,0.02256,0.0256,0.00304
-5.6476,0.02296,0.02536,0.0024
-5.4951,0.02312,0.02568,0.00256
-5.3427,0.02304,0.026,0.00296
-5.1902,0.0228,0.02576,0.00296
-5.0378,0.02256,0.02544,0.00288
-4.8854,0.02248,0.0252,0.00272
-4.7329,0.02232,0.0252,0.00288
-4.5805,0.02224,0.02512,0.00288
-4.428,0.02224,0.02496,0.00272
-4.2756,0.02216,0.02464,0.00248
-4.1232,0.022,0.02456,0.00256
-3.9707,0.02192,0.02432,0.0024
-3.8183,0.022,0.02424,0.00224
-3.6659,0.0224,0.0244,0.002
-3.5134,0.02256,0.02496,0.0024
-3.361,0.0224,0.02528,0.00288
-3.2085,0.02216,0.02488,0.00272
-3.0561,0.02224,0.02456,0.00232
-2.9037,0.0224,0.02424,0.00184
-2.7512,0.02256,0.02456,0.002
-2.5988,0.02256,0.0248,0.00224
-2.4463,0.0224,0.0248,0.0024
-2.2939,0.02216,0.02472,0.00256
-2.1415,0.0224,0.0248,0.0024
-1.989,0.02232,0.02512,0.0028
-1.8366,0.02224,0.02544,0.0032
-1.6841,0.022,0.02552,0.00352
-1.5317,0.02192,0.02576,0.00384
-1.3793,0.022,0.02632,0.00432
-1.2268,0.02208,0.02648,0.0044
-1.0744,0.02208,0.02648,0.0044
-0.92195,0.022,0.02656,0.00456
-0.76951,0.02224,0.02656,0.00432
-0.61707,0.02224,0.0268,0.00456
-0.46463,0.02232,0.0268,0.00448
-0.3122,0.02208,0.02688,0.0048
-0.15976,0.02192,0.02688,0.00496
-0.0073171,0.02208,0.02696,0.00488
0.14512,0.02224,0.02688,0.00464
0.29756,0.02224,0.02664,0.0044
0.45,0.02216,0.02672,0.00456
0.60244,0.022,0.0268,0.0048
0.75488,0.02192,0.0268,0.00488
0.90732,0.02184,0.02688,0.00504
1.0598,0.022,0.02664,0.00464
1.2122,0.022,0.02632,0.00432
1.3646,0.02176,0.02608,0.00432
1.5171,0.0216,0.02608,0.00448
1.6695,0.02136,0.02624,0.00488
1.822,0.02152,0.02632,0.0048
1.9744,0.02192,0.02608,0.00416
2.1268,0.02232,0.026,0.00368
2.2793,0.0224,0.02616,0.00376
2.4317,0.02208,0.02584,0.00376
2.5841,0.02192,0.02544,0.00352
2.7366,0.02192,0.02512,0.0032
2.889,0.022,0.02504,0.00304
3.0415,0.02208,0.02512,0.00304
3.1939,0.02184,0.02496,0.00312
3.3463,0.02184,0.02456,0.00272
3.4988,0.022,0.0244,0.0024
3.6512,0.02208,0.02464,0.00256
3.8037,0.02208,0.02472,0.00264
3.9561,0.022,0.02488,0.00288
4.1085,0.02192,0.02504,0.00312
4.261,0.02208,0.02512,0.00304
4.4134,0.02216,0.0252,0.00304
4.5659,0.022,0.02512,0.00312
4.7183,0.02208,0.02464,0.00256
4.8707,0.02208,0.02408,0.002
5.0232,0.02232,0.02416,0.00184
5.1756,0.02216,0.02464,0.00248
5.328,0.022,0.02504,0.00304
5.4805,0.02184,0.02496,0.00312
5.6329,0.02184,0.02464,0.0028
5.7854,0.02176,0.0244,0.00264
5.9378,0.02184,0.02456,0.00272
6.0902,0.022,0.0248,0.0028
6.2427,0.02208,0.02504,0.00296
6.3951,0.02216,0.02536,0.0032
6.5476,0.02208,0.02552,0.00344
6.7,0.02232,0.02592,0.0036
6.8524,0.0224,0.02632,0.00392
7.0049,0.02232,0.0264,0.00408
7.1573,0.02216,0.02616,0.004
7.3098,0.02208,0.02568,0.0036
7.4622,0.02208,0.0256,0.00352
7.6146,0.022,0.02616,0.00416
7.7671,0.02184,0.02656,0.00472
7.9195,0.02184,0.0268,0.00496
8.072,0.02192,0.02664,0.00472
8.2244,0.02208,0.02624,0.00416
8.3768,0.02232,0.02608,0.00376
8.5293,0.02232,0.02568,0.00336
8.6817,0.02208,0.02528,0.0032
8.8341,0.022,0.02528,0.00328
8.9866,0.022,0.02552,0.00352
9.139,0.022,0.02544,0.00344
9.2915,0.02216,0.02512,0.00296
9.4439,0.02232,0.02488,0.00256
9.5963,0.02248,0.02472,0.00224
9.7488,0.02248,0.0248,0.00232
9.9012,0.02248,0.02448,0.002
10.054,0.02224,0.024,0.00176
10.206,0.02208,0.02376,0.00168
10.359,0.02192,0.02384,0.00192
10.511,0.022,0.02408,0.00208
10.663,0.02192,0.024,0.00208
10.816,0.02184,0.02376,0.00192
10.968,0.02208,0.02352,0.00144
11.121,0.02208,0.0236,0.00152
11.273,0.02216,0.02376,0.0016
11.426,0.022,0.02352,0.00152
11.578,0.02176,0.02336,0.0016
11.73,0.02144,0.02344,0.002
11.883,0.02144,0.02368,0.00224
12.035,0.02176,0.02368,0.00192
12.188,0.02208,0.02336,0.00128
12.34,0.02216,0.02296,0.0008
12.493,0.02176,0.0224,0.00064
12.645,0.02168,0.02232,0.00064
12.798,0.02208,0.02232,0.00024
12.95,0.02216,0.02248,0.00032
13.102,0.02224,0.02256,0.00032
13.255,0.02208,0.02264,0.00056
13.407,0.02216,0.02264,0.00048
13.56,0.02216,0.0228,0.00064
13.712,0.02208,0.02256,0.00048
13.865,0.02192,0.02264,0.00072
14.017,0.02192,0.0224,0.00048
14.17,0.02208,0.02208,0
14.322,0.02208,0.022,-8e-05
14.474,0.02208,0.02216,8e-05
14.627,0.02224,0.02248,0.00024
14.779,0.0224,0.02248,8e-05
14.932,0.02232,0.02232,0
15.084,0.02208,0.02232,0.00024
15.237,0.022,0.0224,0.0004
15.389,0.022,0.02256,0.00056
15.541,0.022,0.0228,0.0008
15.694,0.02192,0.02288,0.00096
15.846,0.02184,0.0228,0.00096
15.999,0.02184,0.02248,0.00064
16.151,0.02184,0.02208,0.00024
16.304,0.022,0.02184,-0.00016
16.456,0.02208,0.02208,0
16.609,0.02224,0.02224,0
16.761,0.022,0.02232,0.00032
16.913,0.02208,0.022,-8e-05
17.066,0.02216,0.02184,-0.00032
17.218,0.02248,0.02208,-0.0004
17.371,0.0224,0.02232,-8e-05
17.523,0.02208,0.02232,0.00024
17.676,0.02216,0.02224,8e-05
17.828,0.0224,0.02216,-0.00024
17.98,0.02256,0.022,-0.00056
18.133,0.0224,0.02192,-0.00048
18.285,0.02216,0.02192,-0.00024
18.438,0.02216,0.02232,0.00016
18.59,0.02216,0.02248,0.00032
18.743,0.022,0.02248,0.00048
18.895,0.02192,0.02224,0.00032
19.048,0.02192,0.02216,0.00024
19.2,0.022,0.02248,0.00048
19.352,0.022,0.02248,0.00048
19.505,0.02208,0.02224,0.00016
19.657,0.02216,0.022,-0.00016
19.81,0.02224,0.02232,8e-05
19.962,0.02232,0.02248,0.00016
20.115,0.02256,0.02248,-8e-05
20.267,0.0224,0.0224,0
20.42,0.02208,0.02232,0.00024
20.572,0.02176,0.02224,0.00048
20.724,0.02176,0.022,0.00024
20.877,0.02192,0.02184,-8e-05
21.029,0.02224,0.02184,-0.0004
21.182,0.0224,0.02216,-0.00024
21.334,0.02232,0.02224,-8e-05
21.487,0.02224,0.02216,-8e-05
21.639,0.02216,0.02192,-0.00024
21.791,0.02216,0.02184,-0.00032
21.944,0.02224,0.02176,-0.00048
22.096,0.02232,0.02192,-0.0004
22.249,0.02208,0.02208,0
22.401,0.02184,0.02232,0.00048
22.554,0.02192,0.0224,0.00048
22.706,0.02216,0.02224,8e-05
22.859,0.02216,0.02208,-8e-05
23.011,0.02208,0.02184,-0.00024
23.163,0.02224,0.02176,-0.00048
23.316,0.02264,0.02184,-0.0008
23.468,0.02256,0.02192,-0.00064
23.621,0.02208,0.022,-8e-05
23.773,0.02192,0.022,8e-05
23.926,0.02216,0.02176,-0.0004
24.078,0.02256,0.02184,-0.00072
24.23,0.0224,0.02216,-0.00024
24.383,0.022,0.0224,0.0004
24.535,0.02216,0.02216,0
24.688,0.0224,0.02184,-0.00056
24.84,0.02264,0.02192,-0.00072
24.993,0.02264,0.02208,-0.00056
25.145,0.02224,0.0224,0.00016
25.298,0.02224,0.02224,0
25.45,0.0224,0.02232,-8e-05
25.602,0.02248,0.02216,-0.00032
25.755,0.0224,0.02216,-0.00024
25.907,0.02224,0.02232,8e-05
26.06,0.02216,0.02256,0.0004
26.212,0.02224,0.02264,0.0004
26.365,0.02224,0.02232,8e-05
26.517,0.02192,0.02184,-8e-05
26.67,0.02192,0.0216,-0.00032
26.822,0.022,0.02176,-0.00024
26.974,0.02208,0.02216,8e-05
27.127,0.02208,0.0224,0.00032
27.279,0.022,0.02232,0.00032
27.432,0.02208,0.022,-8e-05
27.584,0.0224,0.022,-0.0004
27.737,0.02256,0.02208,-0.00048
27.889,0.02256,0.02224,-0.00032
28.041,0.0224,0.02224,-0.00016
28.194,0.02224,0.022,-0.00024
28.346,0.02208,0.022,-8e-05
28.499,0.022,0.02208,8e-05
28.651,0.02208,0.02224,0.00016
28.804,0.02208,0.02232,0.00024
28.956,0.02208,0.022,-8e-05
29.109,0.02208,0.02192,-0.00016
29.261,0.02216,0.02216,0
29.413,0.02216,0.02224,8e-05
29.566,0.02224,0.02216,-8e-05
29.718,0.02224,0.022,-0.00024
29.871,0.0224,0.02192,-0.00048
30.023,0.0224,0.02216,-0.00024
30.176,0.02216,0.02232,0.00016
30.328,0.02216,0.02232,0.00016
30.48,0.02232,0.02232,0
30.633,0.02264,0.0224,-0.00024
30.785,0.02256,0.0224,-0.00016
30.938,0.02248,0.02232,-0.00016
31.09,0.02232,0.02232,0
31.243,0.0224,0.02208,-0.00032
31.395,0.02256,0.02208,-0.00048
31.548,0.02264,0.02224,-0.0004
31.7,0.02272,0.02232,-0.0004
31.852,0.0228,0.022,-0.0008
32.005,0.02296,0.02168,-0.00128
32.157,0.0228,0.02192,-0.00088
32.31,0.02272,0.0224,-0.00032
32.462,0.02264,0.02272,8e-05
32.615,0.02248,0.0224,-8e-05
32.767,0.02256,0.02184,-0.00072
32.92,0.02288,0.02176,-0.00112
33.072,0.02312,0.0224,-0.00072
33.224,0.02296,0.02272,-0.00024
33.377,0.02256,0.02264,8e-05
33.529,0.02208,0.02256,0.00048
33.682,0.02232,0.02256,0.00024
33.834,0.02272,0.02256,-0.00016
33.987,0.02296,0.02248,-0.00048
34.139,0.02304,0.02248,-0.00056
34.291,0.0228,0.02272,-8e-05
34.444,0.0228,0.02272,-8e-05
34.596,0.02256,0.02248,-8e-05
34.749,0.02232,0.022,-0.00032
34.901,0.02224,0.02184,-0.0004
35.054,0.02224,0.022,-0.00024
35.206,0.0224,0.02264,0.00024
35.359,0.02264,0.02296,0.00032
35.511,0.0228,0.0228,0
35.663,0.02264,0.02248,-0.00016
35.816,0.02256,0.0224,-0.00016
35.968,0.02256,0.02232,-0.00024
36.121,0.0228,0.02216,-0.00064
36.273,0.02296,0.02192,-0.00104
36.426,0.02272,0.02232,-0.0004
36.578,0.02272,0.02256,-0.00016
36.73,0.02296,0.02272,-0.00024
36.883,0.02304,0.02256,-0.00048
37.035,0.02288,0.02224,-0.00064
37.188,0.0228,0.02216,-0.00064
37.34,0.02296,0.02248,-0.00048
37.493,0.02304,0.02256,-0.00048
37.645,0.02288,0.02264,-0.00024
37.798,0.02256,0.0224,-0.00016
37.95,0.02256,0.02232,-0.00024
38.102,0.02288,0.02248,-0.0004
38.255,0.02296,0.0228,-0.00016
38.407,0.02288,0.0228,-8e-05
38.56,0.02288,0.0228,-8e-05
38.712,0.02288,0.02288,0
38.865,0.0228,0.0232,0.0004
39.017,0.0228,0.02344,0.00064
39.17,0.02312,0.02312,0
39.322,0.02328,0.02272,-0.00056
39.474,0.02328,0.02264,-0.00064
39.627,0.02296,0.02296,0
39.779,0.0228,0.02328,0.00048
39.932,0.0228,0.02336,0.00056
40.084,0.02296,0.0232,0.00024
40.237,0.02296,0.02304,8e-05
40.389,0.0232,0.0228,-0.0004
40.541,0.02328,0.0228,-0.00048
40.694,0.02328,0.02296,-0.00032
40.846,0.02304,0.0232,0.00016
40.999,0.0228,0.02328,0.00048
41.151,0.02256,0.02312,0.00056
41.304,0.02256,0.02288,0.00032
41.456,0.02264,0.02296,0.00032
41.609,0.0228,0.02296,0.00016
41.761,0.02288,0.02296,8e-05
41.913,0.02296,0.02296,0
42.066,0.02296,0.02296,0
42.218,0.02312,0.02312,0
42.371,0.02312,0.0232,8e-05
42.523,0.02304,0.0232,0.00016
42.676,0.02288,0.02328,0.0004
42.828,0.0232,0.0232,0
42.98,0.02376,0.0232,-0.00056
43.133,0.02408,0.02328,-0.0008
43.285,0.0236,0.02336,-0.00024
43.438,0.02296,0.02336,0.0004
43.59,0.02296,0.02352,0.00056
43.743,0.02344,0.0236,0.00016
43.895,0.02352,0.02336,-0.00016
44.048,0.02336,0.02328,-8e-05
44.2,0.0232,0.02352,0.00032
44.352,0.02328,0.02392,0.00064
44.505,0.02336,0.02392,0.00056
44.657,0.0232,0.02344,0.00024
44.81,0.0232,0.02336,0.00016
44.962,0.0232,0.02344,0.00024
45.115,0.0232,0.02336,0.00016
45.267,0.02312,0.02304,-8e-05
45.42,0.02328,0.0232,-8e-05
45.572,0.02344,0.02368,0.00024
45.724,0.02352,0.02392,0.0004
45.877,0.02352,0.02352,0
46.029,0.0236,0.02328,-0.00032
46.182,0.02344,0.02344,0
46.334,0.02312,0.02384,0.00072
46.487,0.02304,0.02376,0.00072
46.639,0.02328,0.02352,0.00024
46.791,0.02384,0.02328,-0.00056
46.944,0.02384,0.02352,-0.00032
47.096,0.02368,0.0236,-8e-05
47.249,0.02344,0.0236,0.00016
47.401,0.0232,0.0236,0.0004
47.554,0.02312,0.02384,0.00072
47.706,0.02304,0.02376,0.00072
47.859,0.02304,0.02352,0.00048
48.011,0.02344,0.02328,-0.00016
48.163,0.02368,0.02352,-0.00016
48.316,0.02368,0.02392,0.00024
48.468,0.0236,0.02392,0.00032
48.621,0.02352,0.024,0.00048
48.773,0.02344,0.02408,0.00064
48.926,0.0232,0.02416,0.00096
49.078,0.02312,0.02392,0.0008
49.23,0.02312,0.02344,0.00032
49.383,0.02312,0.0232,8e-05
49.535,0.02288,0.02352,0.00064
49.688,0.02304,0.02384,0.0008
49.84,0.02336,0.02368,0.00032
49.993,0.0236,0.0236,0
50.145,0.02352,0.02368,0.00016
50.298,0.0232,0.02392,0.00072
50.45,0.02304,0.02392,0.00088
50.602,0.02344,0.02376,0.00032
50.755,0.02368,0.02376,8e-05
50.907,0.02376,0.02376,0
51.06,0.02336,0.024,0.00064
51.212,0.02328,0.02376,0.00048
51.365,0.02328,0.02352,0.00024
51.517,0.02304,0.02368,0.00064
51.67,0.02288,0.024,0.00112
51.822,0.0228,0.02392,0.00112
51.974,0.02312,0.02368,0.00056
52.127,0.0232,0.0236,0.0004
52.279,0.0232,0.0236,0.0004
52.432,0.02304,0.0236,0.00056
52.584,0.02312,0.02352,0.0004
52.737,0.02328,0.0236,0.00032
52.889,0.02336,0.02392,0.00056
53.041,0.02328,0.02416,0.00088
53.194,0.02344,0.02424,0.0008
53.346,0.02352,0.02432,0.0008
53.499,0.02344,0.02424,0.0008
53.651,0.02328,0.02416,0.00088
53.804,0.02336,0.024,0.00064
53.956,0.0236,0.02368,8e-05
54.109,0.02376,0.02368,-8e-05
54.261,0.02328,0.02376,0.00048
54.413,0.02328,0.02368,0.0004
54.566,0.02344,0.02328,-0.00016
54.718,0.02352,0.0232,-0.00032
54.871,0.02344,0.02352,8e-05
55.023,0.02344,0.02392,0.00048
55.176,0.02368,0.02376,8e-05
55.328,0.02368,0.02336,-0.00032
55.48,0.02336,0.02312,-0.00024
55.633,0.02312,0.02328,0.00016
55.785,0.0232,0.02352,0.00032
55.938,0.02344,0.02352,8e-05
56.09,0.02352,0.02328,-0.00024
56.243,0.02344,0.02328,-0.00016
56.395,0.02344,0.02368,0.00024
56.548,0.02344,0.02408,0.00064
56.7,0.02336,0.02408,0.00072
56.852,0.02336,0.02384,0.00048
57.005,0.02336,0.02376,0.0004
57.157,0.02344,0.02384,0.0004
57.31,0.02344,0.02384,0.0004
57.462,0.0236,0.02384,0.00024
57.615,0.02352,0.02392,0.0004
57.767,0.02352,0.02408,0.00056
57.92,0.02344,0.02416,0.00072
58.072,0.0236,0.02392,0.00032
58.224,0.02368,0.02368,0
58.377,0.0236,0.02352,-8e-05
58.529,0.02344,0.02376,0.00032
58.682,0.02344,0.02392,0.00048
58.834,0.02368,0.024,0.00032
58.987,0.02408,0.02376,-0.00032
59.139,0.02424,0.02376,-0.00048
59.291,0.02408,0.02376,-0.00032
59.444,0.02408,0.02384,-0.00024
59.596,0.024,0.02392,-8e-05
59.749,0.0236,0.02376,0.00016
59.901,0.02336,0.02344,8e-05
60.054,0.02328,0.0232,-8e-05
60.206,0.02352,0.02344,-8e-05
60.359,0.02344,0.02376,0.00032
60.511,0.02328,0.0236,0.00032
60.663,0.02328,0.02312,-0.00016
60.816,0.02344,0.0232,-0.00024
60.968,0.0236,0.0236,0
61.121,0.02376,0.02368,-8e-05
61.273,0.0236,0.02336,-0.00024
61.426,0.02344,0.02336,-8e-05
61.578,0.02376,0.02392,0.00016
61.73,0.024,0.02416,0.00016
61.883,0.0244,0.02408,-0.00032
62.035,0.02424,0.02392,-0.00032
62.188,0.02384,0.02384,0
62.34,0.02368,0.02384,0.00016
62.493,0.02384,0.02344,-0.0004
62.645,0.02408,0.02336,-0.00072
62.798,0.024,0.02312,-0.00088
62.95,0.02368,0.0232,-0.00048
63.102,0.02344,0.02296,-0.00048
63.255,0.02344,0.0232,-0.00024
63.407,0.02368,0.02336,-0.00032
63.56,0.0236,0.02344,-0.00016
63.712,0.0236,0.02344,-0.00016
63.865,0.02368,0.02336,-0.00032
64.017,0.02376,0.02328,-0.00048
64.17,0.0236,0.02344,-0.00016
64.322,0.0236,0.02344,-0.00016
64.474,0.0236,0.02376,0.00016
64.627,0.02368,0.02376,8e-05
64.779,0.02368,0.02376,8e-05
64.932,0.02352,0.02352,0
65.084,0.0236,0.02384,0.00024
65.237,0.02352,0.02392,0.0004
65.389,0.02376,0.02384,8e-05
65.541,0.02376,0.02376,0
65.694,0.02368,0.02392,0.00024
65.846,0.02352,0.02408,0.00056
65.999,0.02368,0.02376,8e-05
66.151,0.02392,0.02312,-0.0008
66.304,0.02392,0.02296,-0.00096
66.456,0.02368,0.02328,-0.0004
66.609,0.02336,0.02352,0.00016
66.761,0.02352,0.02336,-0.00016
66.913,0.02392,0.02312,-0.0008
67.066,0.02416,0.0232,-0.00096
67.218,0.02416,0.02344,-0.00072
67.371,0.02408,0.02344,-0.00064
67.523,0.02384,0.0232,-0.00064
67.676,0.02368,0.02296,-0.00072
67.828,0.0236,0.02344,-0.00016
67.98,0.02384,0.0236,-0.00024
68.133,0.02424,0.02352,-0.00072
68.285,0.02456,0.02344,-0.00112
68.438,0.0244,0.02376,-0.00064
68.59,0.02432,0.0236,-0.00072
68.743,0.02432,0.02336,-0.00096
68.895,0.02408,0.0232,-0.00088
69.048,0.024,0.02336,-0.00064
69.2,0.02376,0.02368,-8e-05
69.352,0.0236,0.02352,-8e-05
69.505,0.02344,0.0232,-0.00024
69.657,0.0232,0.02296,-0.00024
69.81,0.0232,0.0232,0
69.962,0.02352,0.02344,-8e-05
70.115,0.02368,0.02368,0
70.267,0.02368,0.02344,-0.00024
70.42,0.02352,0.0232,-0.00032
70.572,0.02368,0.0232,-0.00048
70.724,0.02376,0.02344,-0.00032
70.877,0.02384,0.02352,-0.00032
71.029,0.02376,0.02352,-0.00024
71.182,0.02368,0.02344,-0.00024
71.334,0.02368,0.02344,-0.00024
71.487,0.02352,0.02328,-0.00024
71.639,0.02344,0.02352,8e-05
71.791,0.02336,0.02344,8e-05
71.944,0.02344,0.0236,0.00016
72.096,0.02368,0.02336,-0.00032
72.249,0.02392,0.0232,-0.00072
72.401,0.02376,0.02336,-0.0004
72.554,0.02344,0.02352,8e-05
72.706,0.02328,0.02344,0.00016
72.859,0.02336,0.02328,-8e-05
73.011,0.02336,0.02344,8e-05
73.163,0.02336,0.02384,0.00048
73.316,0.02336,0.02392,0.00056
73.468,0.02352,0.02352,0
73.621,0.02352,0.02336,-0.00016
73.773,0.02368,0.02352,-0.00016
73.926,0.0236,0.02392,0.00032
74.078,0.02376,0.02384,8e-05
74.23,0.024,0.0236,-0.0004
74.383,0.024,0.0236,-0.0004
74.535,0.024,0.02384,-0.00016
74.688,0.02384,0.02392,8e-05
74.84,0.02336,0.02392,0.00056
74.993,0.02304,0.02368,0.00064
75.145,0.02304,0.02352,0.00048
75.298,0.0232,0.02344,0.00024
75.45,0.02336,0.0232,-0.00016
75.602,0.0236,0.02304,-0.00056
75.755,0.02368,0.02304,-0.00064
75.907,0.02376,0.02336,-0.0004
76.06,0.02368,0.02376,8e-05
76.212,0.024,0.0236,-0.0004
76.365,0.02392,0.02336,-0.00056
76.517,0.02376,0.02328,-0.00048
76.67,0.02336,0.02352,0.00016
76.822,0.02312,0.02352,0.0004
76.974,0.0232,0.02336,0.00016
77.127,0.02344,0.02328,-0.00016
77.279,0.024,0.02344,-0.00056
77.432,0.024,0.02352,-0.00048
77.584,0.024,0.02344,-0.00056
77.737,0.02368,0.0236,-8e-05
77.889,0.02336,0.02368,0.00032
78.041,0.02344,0.02368,0.00024
78.194,0.02368,0.02344,-0.00024
78.346,0.024,0.02336,-0.00064
78.499,0.02376,0.02344,-0.00032
78.651,0.02352,0.02336,-0.00016
78.804,0.02368,0.02304,-0.00064
78.956,0.02384,0.02288,-0.00096
79.109,0.02368,0.02336,-0.00032
79.261,0.02344,0.02376,0.00032
79.413,0.02336,0.024,0.00064
79.566,0.02368,0.0236,-8e-05
79.718,0.02384,0.02344,-0.0004
79.871,0.02376,0.02368,-8e-05
80.023,0.02336,0.024,0.00064
80.176,0.0232,0.024,0.0008
80.328,0.0232,0.0236,0.0004
80.48,0.02328,0.02328,0
80.633,0.02336,0.02328,-8e-05
80.785,0.02336,0.02328,-8e-05
80.938,0.02344,0.0232,-0.00024
81.09,0.02344,0.0232,-0.00024
81.243,0.02296,0.0232,0.00024
81.395,0.02272,0.02336,0.00064
81.548,0.02288,0.02352,0.00064
81.7,0.02328,0.02368,0.0004
81.852,0.02336,0.02376,0.0004
82.005,0.02296,0.02376,0.0008
82.157,0.02304,0.02376,0.00072
82.31,0.02336,0.0236,0.00024
82.462,0.02384,0.02352,-0.00032
82.615,0.02384,0.0236,-0.00024
82.767,0.02352,0.02328,-0.00024
82.92,0.0232,0.02344,0.00024
83.072,0.0232,0.02336,0.00016
83.224,0.02336,0.02336,0
83.377,0.02336,0.02312,-0.00024
83.529,0.0232,0.0232,0
83.682,0.02328,0.02336,8e-05
83.834,0.02344,0.02344,0
83.987,0.02352,0.02328,-0.00024
84.139,0.02328,0.02312,-0.00016
84.291,0.02312,0.0232,8e-05
84.444,0.02304,0.02336,0.00032
84.596,0.02328,0.02352,0.00024
84.749,0.02344,0.0232,-0.00024
84.901,0.02344,0.02312,-0.00032
85.054,0.02344,0.0232,-0.00024
85.206,0.02312,0.02344,0.00032
85.359,0.0232,0.02336,0.00016
85.511,0.02328,0.02352,0.00024
85.663,0.02344,0.0236,0.00016
85.816,0.0236,0.02368,8e-05
85.968,0.02352,0.02392,0.0004
86.121,0.02336,0.02408,0.00072
86.273,0.0232,0.02368,0.00048
86.426,0.02336,0.02352,0.00016
86.578,0.0232,0.02336,0.00016
86.73,0.02304,0.02352,0.00048
86.883,0.02312,0.0236,0.00048
87.035,0.02304,0.0236,0.00056
87.188,0.0228,0.02344,0.00064
87.34,0.02296,0.02304,8e-05
87.493,0.02336,0.02296,-0.0004
87.645,0.02384,0.02312,-0.00072
87.798,0.02368,0.0236,-8e-05
87.95,0.02336,0.0236,0.00024
88.102,0.0232,0.02328,8e-05
88.255,0.02328,0.02304,-0.00024
88.407,0.02328,0.02328,0
88.56,0.0232,0.02336,0.00016
88.712,0.0232,0.02328,8e-05
88.865,0.0232,0.02336,0.00016
89.017,0.0232,0.0236,0.0004
89.17,0.0232,0.02384,0.00064
89.322,0.02328,0.02368,0.0004
89.474,0.0236,0.0232,-0.0004
89.627,0.024,0.02296,-0.00104
89.779,0.02408,0.0232,-0.00088
89.932,0.02392,0.02336,-0.00056
90.084,0.0236,0.02344,-0.00016
90.237,0.02336,0.02328,-8e-05
90.389,0.02344,0.02312,-0.00032
90.541,0.02352,0.02304,-0.00048
90.694,0.02344,0.02304,-0.0004
90.846,0.02344,0.02312,-0.00032
90.999,0.02344,0.02352,8e-05
91.151,0.02344,0.02368,0.00024
91.304,0.02328,0.0236,0.00032
91.456,0.0232,0.02328,8e-05
91.609,0.02328,0.02312,-0.00016
91.761,0.02344,0.02304,-0.0004
91.913,0.02336,0.02312,-0.00024
92.066,0.02312,0.0232,8e-05
92.218,0.02296,0.02312,0.00016
92.371,0.0232,0.02304,-0.00016
92.523,0.02344,0.02304,-0.0004
92.676,0.02368,0.02336,-0.00032
92.828,0.02368,0.02352,-0.00016
92.98,0.02352,0.02344,-8e-05
93.133,0.0232,0.0232,0
93.285,0.0232,0.02312,-8e-05
93.438,0.0232,0.02328,8e-05
93.59,0.02344,0.02336,-8e-05
93.743,0.02352,0.02328,-0.00024
93.895,0.02368,0.0232,-0.00048
94.048,0.02352,0.02296,-0.00056
94.2,0.02344,0.02296,-0.00048
94.352,0.02328,0.02304,-0.00024
94.505,0.02336,0.02344,8e-05
94.657,0.02352,0.0236,8e-05
94.81,0.02344,0.02336,-8e-05
94.962,0.02312,0.02328,0.00016
95.115,0.02288,0.02336,0.00048
95.267,0.0232,0.0236,0.0004
95.42,0.02344,0.02328,-0.00016
95.572,0.02336,0.02304,-0.00032
95.724,0.02312,0.02304,-8e-05
95.877,0.02288,0.02328,0.0004
96.029,0.02272,0.02328,0.00056
96.182,0.02272,0.0232,0.00048
96.334,0.02272,0.02328,0.00056
96.487,0.0228,0.02328,0.00048
96.639,0.02296,0.02312,0.00016
96.791,0.0228,0.02304,0.00024
96.944,0.02288,0.02304,0.00016
97.096,0.0228,0.0228,0
97.249,0.0228,0.02272,-8e-05
97.401,0.0228,0.02264,-0.00016
97.554,0.02288,0.02296,8e-05
97.706,0.02296,0.02304,8e-05
97.859,0.02312,0.02296,-0.00016
98.011,0.02296,0.02288,-8e-05
98.163,0.02296,0.02304,8e-05
98.316,0.02304,0.02328,0.00024
98.468,0.02312,0.02328,0.00016
98.621,0.0232,0.02336,0.00016
98.773,0.02304,0.02336,0.00032
98.926,0.02288,0.02344,0.00056
99.078,0.02272,0.02312,0.0004
99.23,0.02256,0.0228,0.00024
99.383,0.02256,0.02264,8e-05
99.535,0.0228,0.02264,-0.00016
99.688,0.02288,0.02304,0.00016
99.84,0.02296,0.02312,0.00016
99.993,0.02312,0.02328,0.00016
100.15,0.02304,0.02304,0
100.3,0.02288,0.02304,0.00016
100.45,0.02272,0.02296,0.00024
100.6,0.02272,0.02312,0.0004
100.75,0.0228,0.02312,0.00032
100.91,0.02256,0.0228,0.00024
101.06,0.02264,0.0228,0.00016
101.21,0.0228,0.02288,8e-05
101.36,0.0228,0.02304,0.00024
101.52,0.02272,0.02304,0.00032
101.67,0.0224,0.02288,0.00048
101.82,0.02216,0.02312,0.00096
101.97,0.02232,0.02328,0.00096
102.13,0.02272,0.0232,0.00048
102.28,0.02288,0.02304,0.00016
102.43,0.02296,0.02288,-8e-05
102.58,0.0228,0.02296,0.00016
102.74,0.02272,0.02304,0.00032
102.89,0.02248,0.02296,0.00048
103.04,0.02248,0.02288,0.0004
103.19,0.02264,0.02296,0.00032
103.35,0.02312,0.02288,-0.00024
103.5,0.0232,0.02272,-0.00048
103.65,0.0228,0.02264,-0.00016
103.8,0.02232,0.02272,0.0004
103.96,0.02224,0.02256,0.00032
104.11,0.02248,0.02264,0.00016
104.26,0.02272,0.02264,-8e-05
104.41,0.0228,0.0228,0
104.57,0.02264,0.02264,0
104.72,0.02272,0.02256,-0.00016
104.87,0.02248,0.02264,0.00016
105.02,0.02216,0.0228,0.00064
105.18,0.02216,0.02288,0.00072
105.33,0.02248,0.0228,0.00032
105.48,0.02288,0.02264,-0.00024
105.63,0.02272,0.0224,-0.00032
105.79,0.0224,0.02232,-8e-05
105.94,0.02216,0.0224,0.00024
106.09,0.02224,0.02248,0.00024
106.24,0.0224,0.02232,-8e-05
106.4,0.0224,0.02232,-8e-05
106.55,0.02232,0.02248,0.00016
106.7,0.02208,0.02264,0.00056
106.85,0.02208,0.02248,0.0004
107,0.02192,0.02208,0.00016
107.16,0.02224,0.02208,-0.00016
107.31,0.02224,0.02232,8e-05
107.46,0.02232,0.02256,0.00024
107.61,0.02216,0.02232,0.00016
107.77,0.02224,0.02216,-8e-05
107.92,0.02216,0.02224,8e-05
108.07,0.02224,0.0224,0.00016
108.22,0.02232,0.02256,0.00024
108.38,0.02264,0.02232,-0.00032
108.53,0.02264,0.02224,-0.0004
108.68,0.02248,0.02232,-0.00016
108.83,0.02216,0.0224,0.00024
108.99,0.02208,0.02248,0.0004
109.14,0.02232,0.02248,0.00016
109.29,0.02256,0.02256,0
109.44,0.02256,0.02232,-0.00024
109.6,0.02224,0.02208,-0.00016
109.75,0.02192,0.02208,0.00016
109.9,0.022,0.02232,0.00032
110.05,0.02224,0.02232,8e-05
110.21,0.02232,0.02224,-8e-05
110.36,0.02232,0.02192,-0.0004
110.51,0.02216,0.02176,-0.0004
110.66,0.02208,0.02208,0
110.82,0.02208,0.02224,0.00016
110.97,0.02232,0.02192,-0.0004
111.12,0.02248,0.0216,-0.00088
111.27,0.02256,0.0216,-0.00096
111.43,0.02264,0.02192,-0.00072
111.58,0.02272,0.02192,-0.0008
111.73,0.02256,0.02192,-0.00064
111.88,0.02216,0.022,-0.00016
112.04,0.022,0.02216,0.00016
112.19,0.02216,0.02232,0.00016
112.34,0.02264,0.02224,-0.0004
112.49,0.02264,0.02192,-0.00072
112.65,0.02264,0.02184,-0.0008
112.8,0.02256,0.02192,-0.00064
112.95,0.02248,0.022,-0.00048
113.1,0.02232,0.02184,-0.00048
113.25,0.02224,0.02168,-0.00056
113.41,0.02224,0.02184,-0.0004
113.56,0.02232,0.02192,-0.0004
113.71,0.02232,0.02184,-0.00048
113.86,0.0224,0.02176,-0.00064
114.02,0.0224,0.022,-0.0004
114.17,0.0224,0.02208,-0.00032
114.32,0.02224,0.02176,-0.00048
114.47,0.02224,0.02152,-0.00072
114.63,0.02232,0.02176,-0.00056
114.78,0.02248,0.022,-0.00048
114.93,0.0224,0.02176,-0.00064
115.08,0.02232,0.0212,-0.00112
115.24,0.02224,0.02128,-0.00096
115.39,0.02224,0.02136,-0.00088
115.54,0.02224,0.02144,-0.0008
115.69,0.02216,0.02144,-0.00072
115.85,0.02216,0.02128,-0.00088
116,0.02208,0.02112,-0.00096
116.15,0.02224,0.02104,-0.0012
116.3,0.02224,0.02104,-0.0012
116.46,0.02232,0.02096,-0.00136
116.61,0.02224,0.02088,-0.00136
116.76,0.022,0.02056,-0.00144
116.91,0.022,0.02064,-0.00136
117.07,0.022,0.02064,-0.00136
117.22,0.02208,0.02072,-0.00136
117.37,0.02192,0.02088,-0.00104
117.52,0.022,0.02088,-0.00112
117.68,0.02208,0.02072,-0.00136
117.83,0.02224,0.02056,-0.00168
117.98,0.02232,0.02048,-0.00184
118.13,0.02232,0.02072,-0.0016
118.29,0.02208,0.02072,-0.00136
118.44,0.02192,0.02072,-0.0012
118.59,0.02208,0.02064,-0.00144
118.74,0.02232,0.02048,-0.00184
118.9,0.02248,0.0204,-0.00208
119.05,0.0224,0.02024,-0.00216
119.2,0.022,0.02024,-0.00176
119.35,0.022,0.02032,-0.00168
119.5,0.02216,0.0204,-0.00176
119.66,0.02232,0.02048,-0.00184
119.81,0.0224,0.02048,-0.00192
119.96,0.02216,0.02048,-0.00168
120.11,0.02184,0.02048,-0.00136
120.27,0.02192,0.02048,-0.00144
120.42,0.02224,0.02024,-0.002
120.57,0.02248,0.02048,-0.002
120.72,0.02232,0.02056,-0.00176
120.88,0.02208,0.02072,-0.00136
121.03,0.02192,0.0208,-0.00112
121.18,0.022,0.02096,-0.00104
121.33,0.02208,0.02096,-0.00112
121.49,0.02232,0.02096,-0.00136
121.64,0.02248,0.02104,-0.00144
121.79,0.02232,0.0212,-0.00112
121.94,0.02216,0.02128,-0.00088
122.1,0.02176,0.02136,-0.0004
122.25,0.0216,0.02128,-0.00032
122.4,0.0216,0.02144,-0.00016
122.55,0.0216,0.02152,-8e-05
122.71,0.02176,0.02152,-0.00024
122.86,0.02192,0.02136,-0.00056
123.01,0.02184,0.02144,-0.0004
123.16,0.02168,0.0216,-8e-05
123.32,0.02152,0.02168,0.00016
123.47,0.02184,0.0216,-0.00024
123.62,0.022,0.02176,-0.00024
123.77,0.02208,0.02176,-0.00032
123.93,0.02168,0.02184,0.00016
124.08,0.0216,0.0216,0
124.23,0.02168,0.02128,-0.0004
124.38,0.02184,0.02128,-0.00056
124.54,0.02176,0.02152,-0.00024
124.69,0.02168,0.02152,-0.00016
124.84,0.02168,0.0212,-0.00048
124.99,0.02184,0.02088,-0.00096
125.15,0.02184,0.02096,-0.00088
125.3,0.022,0.02112,-0.00088
125.45,0.02208,0.02112,-0.00096
125.6,0.02192,0.02104,-0.00088
125.75,0.02192,0.02112,-0.0008
125.91,0.02168,0.02112,-0.00056
126.06,0.02168,0.02088,-0.0008
126.21,0.0216,0.02064,-0.00096
126.36,0.0216,0.02056,-0.00104
126.52,0.02144,0.02064,-0.0008
126.67,0.0212,0.02032,-0.00088
126.82,0.02128,0.02008,-0.0012
126.97,0.02144,0.01992,-0.00152
127.13,0.0216,0.02016,-0.00144
127.28,0.0216,0.02016,-0.00144
127.43,0.02152,0.02024,-0.00128
127.58,0.0216,0.02024,-0.00136
127.74,0.0216,0.02024,-0.00136
127.89,0.0216,0.02016,-0.00144
128.04,0.02144,0.02,-0.00144
128.19,0.0212,0.02,-0.0012
128.35,0.0212,0.02,-0.0012
128.5,0.02128,0.02016,-0.00112
128.65,0.02136,0.02,-0.00136
128.8,0.02128,0.02008,-0.0012
128.96,0.02144,0.02032,-0.00112
129.11,0.02152,0.02032,-0.0012
129.26,0.02144,0.02032,-0.00112
129.41,0.02136,0.02024,-0.00112
129.57,0.02144,0.02024,-0.0012
129.72,0.0216,0.0204,-0.0012
129.87,0.02144,0.0204,-0.00104
130.02,0.02128,0.02056,-0.00072
130.18,0.0212,0.0208,-0.0004
130.33,0.0216,0.0208,-0.0008
130.48,0.022,0.0208,-0.0012
130.63,0.022,0.02064,-0.00136
130.79,0.02176,0.02072,-0.00104
130.94,0.0216,0.02104,-0.00056
131.09,0.02144,0.02104,-0.0004
131.24,0.0216,0.02104,-0.00056
131.4,0.0216,0.02104,-0.00056
131.55,0.02128,0.02104,-0.00024
131.7,0.0212,0.0212,0
131.85,0.02104,0.02112,8e-05
132,0.02128,0.02088,-0.0004
132.16,0.02128,0.02064,-0.00064
132.31,0.02128,0.02064,-0.00064
132.46,0.0212,0.02088,-0.00032
132.61,0.02128,0.02096,-0.00032
132.77,0.02128,0.02088,-0.0004
132.92,0.02112,0.02056,-0.00056
133.07,0.02104,0.02048,-0.00056
133.22,0.02096,0.02048,-0.00048
133.38,0.0212,0.02064,-0.00056
133.53,0.02136,0.0204,-0.00096
133.68,0.02128,0.0204,-0.00088
133.83,0.0212,0.02024,-0.00096
133.99,0.02104,0.02016,-0.00088
134.14,0.0212,0.02016,-0.00104
134.29,0.02144,0.02016,-0.00128
134.44,0.0212,0.02008,-0.00112
134.6,0.02104,0.01992,-0.00112
134.75,0.02096,0.01976,-0.0012
134.9,0.02088,0.01976,-0.00112
135.05,0.02096,0.01968,-0.00128
135.21,0.02096,0.01944,-0.00152
135.36,0.02104,0.01952,-0.00152
135.51,0.02112,0.01952,-0.0016
135.66,0.0212,0.01952,-0.00168
135.82,0.02128,0.01952,-0.00176
135.97,0.02144,0.01952,-0.00192
136.12,0.02136,0.0196,-0.00176
136.27,0.02136,0.01968,-0.00168
136.43,0.02136,0.01984,-0.00152
136.58,0.02152,0.01992,-0.0016
136.73,0.0216,0.01992,-0.00168
136.88,0.02152,0.01984,-0.00168
137.04,0.02128,0.01984,-0.00144
137.19,0.02104,0.01984,-0.0012
137.34,0.02104,0.01992,-0.00112
137.49,0.02104,0.02008,-0.00096
137.65,0.02104,0.02016,-0.00088
137.8,0.02104,0.02016,-0.00088
137.95,0.0212,0.02032,-0.00088
138.1,0.02136,0.02056,-0.0008
138.25,0.02136,0.02056,-0.0008
138.41,0.02136,0.02048,-0.00088
138.56,0.02144,0.02016,-0.00128
138.71,0.02136,0.02024,-0.00112
138.86,0.0212,0.02024,-0.00096
139.02,0.02088,0.02016,-0.00072
139.17,0.0208,0.02024,-0.00056
139.32,0.02088,0.0204,-0.00048
139.47,0.02096,0.02048,-0.00048
139.63,0.02112,0.0204,-0.00072
139.78,0.02136,0.0204,-0.00096
139.93,0.0212,0.02032,-0.00088
140.08,0.02112,0.02032,-0.0008
140.24,0.02104,0.0204,-0.00064
140.39,0.02112,0.02024,-0.00088
140.54,0.02112,0.02032,-0.0008
140.69,0.02112,0.0204,-0.00072
140.85,0.02104,0.02048,-0.00056
141,0.0208,0.02064,-0.00016
141.15,0.02072,0.02056,-0.00016
141.3,0.02056,0.02072,0.00016
141.46,0.02088,0.02056,-0.00032
141.61,0.02104,0.02072,-0.00032
141.76,0.02104,0.02064,-0.0004
141.91,0.02112,0.02056,-0.00056
142.07,0.02128,0.02064,-0.00064
142.22,0.02144,0.02048,-0.00096
142.37,0.02144,0.0204,-0.00104
142.52,0.02128,0.02064,-0.00064
142.68,0.02128,0.02096,-0.00032
142.83,0.02128,0.02088,-0.0004
142.98,0.0212,0.02056,-0.00064
143.13,0.02128,0.02032,-0.00096
143.29,0.02128,0.02032,-0.00096
143.44,0.02128,0.02048,-0.0008
143.59,0.02128,0.0204,-0.00088
143.74,0.02128,0.02024,-0.00104
143.9,0.02112,0.02032,-0.0008
144.05,0.02112,0.02032,-0.0008
144.2,0.02104,0.0204,-0.00064
144.35,0.02096,0.02032,-0.00064
144.5,0.02104,0.0204,-0.00064
144.66,0.02112,0.02064,-0.00048
144.81,0.0212,0.02072,-0.00048
144.96,0.0212,0.02064,-0.00056
145.11,0.02128,0.02032,-0.00096
145.27,0.02144,0.02032,-0.00112
145.42,0.02144,0.02048,-0.00096
145.57,0.02136,0.0208,-0.00056
145.72,0.02152,0.02096,-0.00056
145.88,0.02144,0.02096,-0.00048
146.03,0.02136,0.0208,-0.00056
146.18,0.02152,0.02064,-0.00088
146.33,0.02176,0.02064,-0.00112
146.49,0.02176,0.02056,-0.0012
146.64,0.0216,0.02064,-0.00096
146.79,0.02128,0.02056,-0.00072
146.94,0.02136,0.02064,-0.00072
147.1,0.02136,0.02064,-0.00072
147.25,0.02136,0.0208,-0.00056
147.4,0.02144,0.02096,-0.00048
147.55,0.02152,0.02088,-0.00064
147.71,0.0216,0.02072,-0.00088
147.86,0.02144,0.02064,-0.0008
148.01,0.02136,0.02064,-0.00072
148.16,0.0212,0.0208,-0.0004
148.32,0.0212,0.02072,-0.00048
148.47,0.02128,0.0208,-0.00048
148.62,0.02144,0.02096,-0.00048
148.77,0.02144,0.02112,-0.00032
148.93,0.02128,0.02096,-0.00032
149.08,0.02112,0.02088,-0.00024
149.23,0.02128,0.02104,-0.00024
149.38,0.02144,0.02112,-0.00032
149.54,0.02136,0.02104,-0.00032
149.69,0.02136,0.02096,-0.0004
149.84,0.02136,0.0208,-0.00056
149.99,0.02136,0.02104,-0.00032
150.15,0.02136,0.02112,-0.00024
150.3,0.0212,0.02104,-0.00016
150.45,0.02128,0.02096,-0.00032
150.6,0.02128,0.02088,-0.0004
150.75,0.02144,0.02104,-0.0004
150.91,0.02136,0.02096,-0.0004
151.06,0.0212,0.02048,-0.00072
151.21,0.02112,0.02048,-0.00064
151.36,0.0212,0.0208,-0.0004
151.52,0.02128,0.02136,8e-05
151.67,0.02128,0.02152,0.00024
151.82,0.02112,0.02128,0.00016
151.97,0.02104,0.02104,0
152.13,0.0212,0.02104,-0.00016
152.28,0.0212,0.02112,-8e-05
152.43,0.02136,0.0212,-0.00016
152.58,0.02136,0.02096,-0.0004
152.74,0.02152,0.02088,-0.00064
152.89,0.02152,0.02112,-0.0004
153.04,0.02144,0.02112,-0.00032
153.19,0.02152,0.02112,-0.0004
153.35,0.02152,0.02096,-0.00056
153.5,0.02144,0.0212,-0.00024
153.65,0.02136,0.02136,0
153.8,0.02136,0.02128,-8e-05
153.96,0.02144,0.02136,-8e-05
154.11,0.02152,0.02128,-0.00024
154.26,0.02168,0.02128,-0.0004
154.41,0.02144,0.0212,-0.00024
154.57,0.02128,0.02128,0
154.72,0.02128,0.02144,0.00016
154.87,0.02136,0.02136,0
155.02,0.02152,0.02152,0
155.18,0.0216,0.02136,-0.00024
155.33,0.0216,0.02136,-0.00024
155.48,0.02152,0.0212,-0.00032
155.63,0.02144,0.02128,-0.00016
155.79,0.02144,0.02136,-8e-05
155.94,0.02152,0.02152,0
156.09,0.02136,0.02152,0.00016
156.24,0.0212,0.02144,0.00024
156.4,0.02096,0.02152,0.00056
156.55,0.02104,0.0216,0.00056
156.7,0.02104,0.02168,0.00064
156.85,0.02104,0.02176,0.00072
157,0.02104,0.02184,0.0008
157.16,0.02112,0.02184,0.00072
157.31,0.02144,0.02168,0.00024
157.46,0.02168,0.02152,-0.00016
157.61,0.02176,0.02152,-0.00024
157.77,0.0216,0.02136,-0.00024
157.92,0.02144,0.02112,-0.00032
158.07,0.02136,0.02112,-0.00024
158.22,0.02128,0.02128,0
158.38,0.0212,0.02136,0.00016
158.53,0.02128,0.02144,0.00016
158.68,0.02152,0.02128,-0.00024
158.83,0.02152,0.0212,-0.00032
158.99,0.02112,0.02136,0.00024
159.14,0.02096,0.02136,0.0004
159.29,0.02096,0.02136,0.0004
159.44,0.02112,0.02128,0.00016
159.6,0.02128,0.02128,0
159.75,0.02112,0.0212,8e-05
159.9,0.02096,0.0212,0.00024
160.05,0.0208,0.02112,0.00032
160.21,0.0208,0.02112,0.00032
160.36,0.02088,0.02112,0.00024
160.51,0.02128,0.02112,-0.00016
160.66,0.02152,0.02104,-0.00048
160.82,0.02136,0.0212,-0.00016
160.97,0.02112,0.02144,0.00032
161.12,0.02128,0.02136,8e-05
161.27,0.02152,0.0212,-0.00032
161.43,0.0216,0.02128,-0.00032
161.58,0.02136,0.02184,0.00048
161.73,0.02104,0.02184,0.0008
161.88,0.02104,0.0216,0.00056
162.04,0.02104,0.02136,0.00032
162.19,0.02096,0.0216,0.00064
162.34,0.0212,0.02168,0.00048
162.49,0.02168,0.02152,-0.00016
162.65,0.02176,0.0212,-0.00056
162.8,0.02168,0.0212,-0.00048
162.95,0.02136,0.02128,-8e-05
163.1,0.02128,0.02128,0
163.25,0.0212,0.02112,-8e-05
163.41,0.0212,0.02112,-8e-05
163.56,0.02104,0.0212,0.00016
163.71,0.02104,0.02112,8e-05
163.86,0.02112,0.02136,0.00024
164.02,0.0212,0.0216,0.0004
164.17,0.02128,0.02168,0.0004
164.32,0.02136,0.02152,0.00016
164.47,0.02152,0.0216,8e-05
164.63,0.0216,0.02176,0.00016
164.78,0.02152,0.02176,0.00024
164.93,0.02152,0.02152,0
165.08,0.02144,0.02144,0
165.24,0.02144,0.02168,0.00024
165.39,0.0212,0.0216,0.0004
165.54,0.02128,0.02136,8e-05
165.69,0.02136,0.0212,-0.00016
165.85,0.02152,0.0212,-0.00032
166,0.02144,0.02144,0
166.15,0.02128,0.02168,0.0004
166.3,0.02112,0.02144,0.00032
166.46,0.02128,0.02128,0
166.61,0.02144,0.0212,-0.00024
166.76,0.02152,0.02136,-0.00016
166.91,0.02144,0.02144,0
167.07,0.0216,0.0212,-0.0004
167.22,0.02168,0.02112,-0.00056
167.37,0.02152,0.02136,-0.00016
167.52,0.02144,0.02144,0
167.68,0.02144,0.02144,0
167.83,0.02168,0.02136,-0.00032
167.98,0.02192,0.02144,-0.00048
168.13,0.022,0.02152,-0.00048
168.29,0.02168,0.02144,-0.00024
168.44,0.02152,0.0212,-0.00032
168.59,0.02144,0.02112,-0.00032
168.74,0.0216,0.02136,-0.00024
168.9,0.02192,0.02144,-0.00048
169.05,0.02192,0.02144,-0.00048
169.2,0.02144,0.0212,-0.00024
169.35,0.02128,0.02128,0
169.5,0.02144,0.02128,-0.00016
169.66,0.02176,0.02136,-0.0004
169.81,0.02176,0.02152,-0.00024
169.96,0.02168,0.0216,-8e-05
170.11,0.02184,0.02152,-0.00032
170.27,0.02192,0.0212,-0.00072
170.42,0.02208,0.02088,-0.0012
170.57,0.02192,0.02128,-0.00064
170.72,0.022,0.02168,-0.00032
170.88,0.02192,0.0216,-0.00032
171.03,0.02168,0.02144,-0.00024
171.18,0.02168,0.02144,-0.00024
171.33,0.02184,0.0216,-0.00024
171.49,0.022,0.0216,-0.0004
171.64,0.02184,0.02128,-0.00056
171.79,0.0216,0.02128,-0.00032
171.94,0.02176,0.02144,-0.00032
172.1,0.02216,0.02152,-0.00064
172.25,0.02232,0.02152,-0.0008
172.4,0.02184,0.0216,-0.00024
172.55,0.02152,0.02136,-0.00016
172.71,0.02184,0.02144,-0.0004
172.86,0.02216,0.02144,-0.00072
173.01,0.02216,0.02144,-0.00072
173.16,0.02184,0.02152,-0.00032
173.32,0.02192,0.0216,-0.00032
173.47,0.02208,0.02144,-0.00064
173.62,0.02216,0.02128,-0.00088
173.77,0.02216,0.0212,-0.00096
173.93,0.02208,0.02144,-0.00064
174.08,0.022,0.02176,-0.00024
174.23,0.022,0.02184,-0.00016
174.38,0.02184,0.02168,-0.00016
174.54,0.02168,0.02144,-0.00024
174.69,0.02152,0.0216,8e-05
174.84,0.02176,0.02168,-8e-05
174.99,0.02184,0.0216,-0.00024
175.15,0.02184,0.02152,-0.00032
175.3,0.02176,0.0216,-0.00016
175.45,0.02184,0.02176,-8e-05
175.6,0.02192,0.02152,-0.0004
175.75,0.02192,0.02136,-0.00056
175.91,0.02216,0.02144,-0.00072
176.06,0.02224,0.0216,-0.00064
176.21,0.022,0.02168,-0.00032
176.36,0.02176,0.02152,-0.00024
176.52,0.02176,0.02136,-0.0004
176.67,0.02192,0.02144,-0.00048
176.82,0.022,0.02144,-0.00056
176.97,0.02176,0.02168,-8e-05
177.13,0.02168,0.0216,-8e-05
177.28,0.02176,0.0216,-0.00016
177.43,0.022,0.02152,-0.00048
177.58,0.022,0.02168,-0.00032
177.74,0.022,0.0216,-0.0004
177.89,0.02208,0.0216,-0.00048
178.04,0.02192,0.02176,-0.00016
178.19,0.02176,0.0216,-0.00016
178.35,0.02168,0.02152,-0.00016
178.5,0.02176,0.0216,-0.00016
178.65,0.02192,0.02184,-8e-05
178.8,0.02208,0.022,-8e-05
178.96,0.02208,0.02184,-0.00024
179.11,0.02184,0.0216,-0.00024
179.26,0.02176,0.02192,0.00016
179.41,0.022,0.02208,8e-05
179.57,0.02216,0.02216,0
179.72,0.02208,0.022,-8e-05
179.87,0.02168,0.02176,8e-05
180.02,0.02152,0.0216,8e-05
180.18,0.02168,0.02144,-0.00024
180.33,0.02184,0.02144,-0.0004
180.48,0.02176,0.0216,-0.00016
180.63,0.02176,0.02192,0.00016
180.79,0.02192,0.02192,0
180.94,0.02192,0.02208,0.00016
181.09,0.02176,0.02216,0.0004
181.24,0.02168,0.02208,0.0004
181.4,0.02176,0.02192,0.00016
181.55,0.022,0.02192,-8e-05
181.7,0.02216,0.02224,8e-05
181.85,0.02216,0.02216,0
182,0.022,0.022,0
182.16,0.02168,0.02192,0.00024
182.31,0.02176,0.022,0.00024
182.46,0.02184,0.02216,0.00032
182.61,0.02192,0.02184,-8e-05
182.77,0.02184,0.0216,-0.00024
182.92,0.02168,0.02152,-0.00016
183.07,0.02176,0.02168,-8e-05
183.22,0.022,0.02168,-0.00032
183.38,0.02192,0.0216,-0.00032
183.53,0.02184,0.0216,-0.00024
183.68,0.02176,0.02176,0
183.83,0.02176,0.02184,8e-05
183.99,0.02168,0.02184,0.00016
184.14,0.02176,0.02184,8e-05
184.29,0.0216,0.02168,8e-05
184.44,0.02168,0.02192,0.00024
184.6,0.02168,0.02184,0.00016
184.75,0.02144,0.02168,0.00024
184.9,0.02128,0.0216,0.00032
185.05,0.02144,0.0216,0.00016
185.21,0.02168,0.02168,0
185.36,0.02184,0.02152,-0.00032
185.51,0.02184,0.0216,-0.00024
185.66,0.02184,0.02176,-8e-05
185.82,0.02184,0.02192,8e-05
185.97,0.02176,0.02192,0.00016
186.12,0.02168,0.02192,0.00024
186.27,0.02176,0.02192,0.00016
186.43,0.022,0.022,0
186.58,0.022,0.022,0
186.73,0.02224,0.022,-0.00024
186.88,0.02208,0.022,-8e-05
187.04,0.02208,0.02208,0
187.19,0.02184,0.02224,0.0004
187.34,0.02168,0.022,0.00032
187.49,0.02176,0.022,0.00024
187.65,0.02176,0.02192,0.00016
187.8,0.02168,0.02192,0.00024
187.95,0.02168,0.02176,8e-05
188.1,0.02176,0.02168,-8e-05
188.25,0.02176,0.0216,-0.00016
188.41,0.02184,0.02176,-8e-05
188.56,0.02176,0.02176,0
188.71,0.02192,0.0216,-0.00032
188.86,0.022,0.02152,-0.00048
189.02,0.02192,0.02152,-0.0004
189.17,0.02176,0.0216,-0.00016
189.32,0.02168,0.02168,0
189.47,0.0216,0.0216,0
189.63,0.02152,0.02168,0.00016
189.78,0.02168,0.02192,0.00024
189.93,0.02176,0.022,0.00024
190.08,0.02208,0.02184,-0.00024
190.24,0.02176,0.02152,-0.00024
190.39,0.02176,0.02136,-0.0004
190.54,0.022,0.02176,-0.00024
190.69,0.0224,0.02208,-0.00032
190.85,0.0224,0.02208,-0.00032
191,0.02224,0.02168,-0.00056
191.15,0.022,0.02168,-0.00032
191.3,0.02208,0.02192,-0.00016
191.46,0.02208,0.02192,-0.00016
191.61,0.02184,0.02176,-8e-05
191.76,0.02168,0.0216,-8e-05
191.91,0.02192,0.02152,-0.0004
192.07,0.022,0.0216,-0.0004
192.22,0.02192,0.02152,-0.0004
192.37,0.02168,0.02168,0
192.52,0.02152,0.02168,0.00016
192.68,0.0216,0.022,0.0004
192.83,0.0216,0.02216,0.00056
192.98,0.02176,0.02208,0.00032
193.13,0.02192,0.022,8e-05
193.29,0.022,0.02184,-0.00016
193.44,0.02192,0.02176,-0.00016
193.59,0.02184,0.02176,-8e-05
193.74,0.022,0.02176,-0.00024
193.9,0.02224,0.0216,-0.00064
194.05,0.02224,0.0216,-0.00064
194.2,0.02216,0.0216,-0.00056
194.35,0.022,0.0216,-0.0004
194.5,0.02192,0.02144,-0.00048
194.66,0.02192,0.02144,-0.00048
194.81,0.02208,0.0216,-0.00048
194.96,0.02224,0.02184,-0.0004
195.11,0.02232,0.02192,-0.0004
195.27,0.02224,0.022,-0.00024
195.42,0.02208,0.022,-8e-05
195.57,0.022,0.02192,-8e-05
195.72,0.02216,0.02176,-0.0004
195.88,0.02208,0.02168,-0.0004
196.03,0.02208,0.02176,-0.00032
196.18,0.022,0.02184,-0.00016
196.33,0.02208,0.0216,-0.00048
196.49,0.02208,0.02128,-0.0008
196.64,0.02216,0.02136,-0.0008
196.79,0.02216,0.02184,-0.00032
196.94,0.02208,0.02208,0
197.1,0.02192,0.02192,0
197.25,0.02184,0.02176,-8e-05
197.4,0.02192,0.02168,-0.00024
197.55,0.02224,0.02152,-0.00072
197.71,0.02248,0.0216,-0.00088
197.86,0.02224,0.02184,-0.0004
198.01,0.02216,0.022,-0.00016
198.16,0.02232,0.022,-0.00032
198.32,0.02248,0.022,-0.00048
198.47,0.02232,0.02208,-0.00024
198.62,0.02184,0.02208,0.00024
198.77,0.0216,0.02208,0.00048
198.93,0.02168,0.02176,8e-05
199.08,0.02176,0.0216,-0.00016
199.23,0.0216,0.02184,0.00024
199.38,0.02168,0.02224,0.00056
199.54,0.02168,0.02232,0.00064
199.69,0.02152,0.022,0.00048
199.84,0.02152,0.02168,0.00016
199.99,0.02176,0.02168,-8e-05
200.15,0.02192,0.02184,-8e-05
200.3,0.022,0.02208,8e-05
200.45,0.02184,0.02192,8e-05
200.6,0.02176,0.02192,0.00016
200.75,0.02176,0.022,0.00024
200.91,0.02176,0.022,0.00024
201.06,0.02152,0.02192,0.0004
201.21,0.02152,0.02176,0.00024
201.36,0.0216,0.02168,8e-05
201.52,0.02176,0.02184,8e-05
201.67,0.022,0.022,0
201.82,0.02216,0.02216,0
201.97,0.022,0.02216,0.00016
202.13,0.022,0.02192,-8e-05
202.28,0.02216,0.02168,-0.00048
202.43,0.022,0.0216,-0.0004
202.58,0.022,0.02184,-0.00016
202.74,0.02208,0.02208,0
202.89,0.02216,0.02224,8e-05
203.04,0.02192,0.022,8e-05
203.19,0.02136,0.02184,0.00048
203.35,0.02112,0.02176,0.00064
203.5,0.02144,0.0216,0.00016
203.65,0.02168,0.02192,0.00024
203.8,0.02168,0.02208,0.0004
203.96,0.02144,0.02208,0.00064
204.11,0.02144,0.02176,0.00032
204.26,0.02152,0.02152,0
204.41,0.02168,0.0216,-8e-05
204.57,0.02168,0.02192,0.00024
204.72,0.02192,0.02184,-8e-05
204.87,0.02192,0.02176,-0.00016
205.02,0.02168,0.02152,-0.00016
205.18,0.02128,0.02136,8e-05
205.33,0.02152,0.0212,-0.00032
205.48,0.02184,0.02136,-0.00048
205.63,0.02184,0.02152,-0.00032
205.79,0.02136,0.02184,0.00048
205.94,0.02112,0.02184,0.00072
206.09,0.02136,0.02168,0.00032
206.24,0.02152,0.02168,0.00016
206.4,0.02168,0.02176,8e-05
206.55,0.0216,0.02176,0.00016
206.7,0.02176,0.02176,0
206.85,0.02168,0.02168,0
207,0.02152,0.02176,0.00024
207.16,0.02152,0.02184,0.00032
207.31,0.02168,0.02184,0.00016
207.46,0.02192,0.02176,-0.00016
207.61,0.02176,0.02152,-0.00024
207.77,0.02152,0.02168,0.00016
207.92,0.02144,0.02176,0.00032
208.07,0.02152,0.02168,0.00016
208.22,0.0216,0.02152,-8e-05
208.38,0.02152,0.02152,0
208.53,0.02152,0.02176,0.00024
208.68,0.02168,0.02184,0.00016
208.83,0.02184,0.02184,0
208.99,0.0216,0.02176,0.00016
209.14,0.02152,0.0216,8e-05
209.29,0.0216,0.0216,0
209.44,0.02192,0.0216,-0.00032
209.6,0.02184,0.02152,-0.00032
209.75,0.02144,0.02136,-8e-05
209.9,0.02112,0.02136,0.00024
210.05,0.02128,0.02136,8e-05
210.21,0.02144,0.02136,-8e-05
210.36,0.0216,0.02152,-8e-05
210.51,0.02168,0.02168,0
210.66,0.02184,0.0216,-0.00024
210.82,0.02168,0.02152,-0.00016
210.97,0.02136,0.02152,0.00016
211.12,0.02112,0.02176,0.00064
211.27,0.02104,0.02176,0.00072
211.43,0.02136,0.02152,0.00016
211.58,0.02136,0.02096,-0.0004
211.73,0.02128,0.02096,-0.00032
211.88,0.0212,0.02128,8e-05
212.04,0.02136,0.02168,0.00032
212.19,0.0212,0.02152,0.00032
212.34,0.02096,0.0212,0.00024
212.49,0.02096,0.02128,0.00032
212.65,0.02144,0.02168,0.00024
212.8,0.02168,0.02184,0.00016
212.95,0.02136,0.02176,0.0004
213.1,0.02096,0.02152,0.00056
213.25,0.02072,0.0216,0.00088
213.41,0.02088,0.02168,0.0008
213.56,0.02096,0.0216,0.00064
213.71,0.02088,0.0212,0.00032
213.86,0.02104,0.02096,-8e-05
214.02,0.02136,0.02096,-0.0004
214.17,0.0212,0.02128,8e-05
214.32,0.0208,0.02144,0.00064
214.47,0.02048,0.02128,0.0008
214.63,0.02064,0.02104,0.0004
214.78,0.02112,0.02096,-0.00016
214.93,0.0212,0.02112,-8e-05
215.08,0.0212,0.02128,8e-05
215.24,0.0212,0.02136,0.00016
215.39,0.02104,0.02128,0.00024
215.54,0.02112,0.02128,0.00016
215.69,0.02104,0.0212,0.00016
215.85,0.02088,0.02112,0.00024
216,0.02088,0.02104,0.00016
216.15,0.02072,0.02088,0.00016
216.3,0.02072,0.02112,0.0004
216.46,0.02064,0.02128,0.00064
216.61,0.0208,0.02136,0.00056
216.76,0.02096,0.02136,0.0004
216.91,0.02112,0.02112,0
217.07,0.02096,0.02096,0
217.22,0.02096,0.0208,-0.00016
217.37,0.02128,0.0208,-0.00048
217.52,0.02136,0.02096,-0.0004
217.68,0.02104,0.02104,0
217.83,0.02064,0.02112,0.00048
217.98,0.0208,0.02112,0.00032
218.13,0.02112,0.02096,-0.00016
218.29,0.0212,0.02088,-0.00032
218.44,0.02104,0.02088,-0.00016
218.59,0.0212,0.02088,-0.00032
218.74,0.02136,0.02104,-0.00032
218.9,0.02136,0.02104,-0.00032
219.05,0.02096,0.02096,0
219.2,0.02088,0.02096,8e-05
219.35,0.02104,0.02088,-0.00016
219.5,0.0212,0.02072,-0.00048
219.66,0.02136,0.02072,-0.00064
219.81,0.02136,0.02088,-0.00048
219.96,0.02112,0.02096,-0.00016
220.11,0.02088,0.02104,0.00016
220.27,0.0208,0.02096,0.00016
220.42,0.02096,0.02088,-8e-05
220.57,0.02104,0.02088,-0.00016
220.72,0.02096,0.02088,-8e-05
220.88,0.02088,0.02072,-0.00016
221.03,0.02112,0.0208,-0.00032
221.18,0.0212,0.02088,-0.00032
221.33,0.02104,0.0212,0.00016
221.49,0.02096,0.02096,0
221.64,0.02096,0.02088,-8e-05
221.79,0.02096,0.02072,-0.00024
221.94,0.02104,0.0208,-0.00024
222.1,0.0208,0.02104,0.00024
222.25,0.02088,0.02104,0.00016
222.4,0.02104,0.02104,0
222.55,0.02104,0.02088,-0.00016
222.71,0.02088,0.02088,0
222.86,0.0208,0.0208,0
223.01,0.02088,0.0208,-8e-05
223.16,0.02088,0.0208,-8e-05
223.32,0.02088,0.02088,0
223.47,0.02104,0.02088,-0.00016
223.62,0.02088,0.02096,8e-05
223.77,0.02088,0.02072,-0.00016
223.93,0.02088,0.02064,-0.00024
224.08,0.02096,0.02064,-0.00032
224.23,0.02112,0.02072,-0.0004
224.38,0.02128,0.02048,-0.0008
224.54,0.02112,0.02048,-0.00064
224.69,0.02088,0.02048,-0.0004
224.84,0.02072,0.02064,-8e-05
224.99,0.02072,0.0208,8e-05
225.15,0.02088,0.02064,-0.00024
225.3,0.02096,0.02064,-0.00032
225.45,0.02096,0.02056,-0.0004
225.6,0.02096,0.02072,-0.00024
225.75,0.0208,0.02072,-8e-05
225.91,0.02096,0.02088,-8e-05
226.06,0.02112,0.02088,-0.00024
226.21,0.02128,0.0208,-0.00048
226.36,0.02096,0.02072,-0.00024
226.52,0.02088,0.02064,-0.00024
226.67,0.02096,0.02064,-0.00032
226.82,0.02112,0.02056,-0.00056
226.97,0.02096,0.02048,-0.00048
227.13,0.02096,0.02048,-0.00048
227.28,0.02104,0.02056,-0.00048
227.43,0.02088,0.0208,-8e-05
227.58,0.02088,0.0208,-8e-05
227.74,0.0208,0.0208,0
227.89,0.02104,0.02072,-0.00032
228.04,0.02104,0.02088,-0.00016
228.19,0.02112,0.0208,-0.00032
228.35,0.02112,0.0208,-0.00032
228.5,0.02104,0.0208,-0.00024
228.65,0.02072,0.02096,0.00024
228.8,0.02064,0.02096,0.00032
228.96,0.02056,0.02096,0.0004
229.11,0.02072,0.02088,0.00016
229.26,0.0208,0.02088,8e-05
229.41,0.02064,0.0208,0.00016
229.57,0.02072,0.02056,-0.00016
229.72,0.0208,0.02056,-0.00024
229.87,0.02088,0.02048,-0.0004
230.02,0.02096,0.02072,-0.00024
230.18,0.02096,0.02104,8e-05
230.33,0.02096,0.02096,0
230.48,0.02096,0.02072,-0.00024
230.63,0.02096,0.02056,-0.0004
230.79,0.02088,0.02064,-0.00024
230.94,0.0208,0.0208,0
231.09,0.0208,0.02088,8e-05
231.24,0.02088,0.02056,-0.00032
231.4,0.02096,0.02064,-0.00032
231.55,0.0208,0.02064,-0.00016
231.7,0.02072,0.02056,-0.00016
231.85,0.02088,0.02056,-0.00032
232,0.02112,0.02064,-0.00048
232.16,0.02088,0.02088,0
232.31,0.02072,0.02096,0.00024
232.46,0.02064,0.0208,0.00016
232.61,0.0208,0.02064,-0.00016
232.77,0.02088,0.02064,-0.00024
232.92,0.0208,0.02072,-8e-05
233.07,0.0208,0.0208,0
233.22,0.02064,0.02056,-8e-05
233.38,0.02072,0.0204,-0.00032
233.53,0.02056,0.02064,8e-05
233.68,0.0204,0.0208,0.0004
233.83,0.0204,0.02096,0.00056
233.99,0.02072,0.0208,8e-05
234.14,0.02088,0.02072,-0.00016
234.29,0.02064,0.02072,8e-05
234.44,0.02024,0.0208,0.00056
234.6,0.02016,0.02088,0.00072
234.75,0.0204,0.02088,0.00048
234.9,0.02072,0.0208,8e-05
235.05,0.02088,0.02088,0
235.21,0.02096,0.02088,-8e-05
235.36,0.02104,0.0208,-0.00024
235.51,0.02088,0.02072,-0.00016
235.66,0.02024,0.02064,0.0004
235.82,0.01968,0.02088,0.0012
235.97,0.01992,0.02112,0.0012
236.12,0.02032,0.0212,0.00088
236.27,0.02064,0.02096,0.00032
236.43,0.0204,0.02088,0.00048
236.58,0.02048,0.0208,0.00032
236.73,0.0208,0.0208,0
236.88,0.02072,0.02088,0.00016
237.04,0.02056,0.02088,0.00032
237.19,0.02048,0.0208,0.00032
237.34,0.02064,0.02072,8e-05
237.49,0.0208,0.02056,-0.00024
237.65,0.02072,0.02056,-0.00016
237.8,0.02072,0.02048,-0.00024
237.95,0.0208,0.02056,-0.00024
238.1,0.02088,0.0208,-8e-05
238.25,0.02056,0.0208,0.00024
238.41,0.02032,0.02072,0.0004
238.56,0.0204,0.02072,0.00032
238.71,0.02064,0.0208,0.00016
238.86,0.02056,0.0208,0.00024
239.02,0.02008,0.02048,0.0004
239.17,0.02,0.02032,0.00032
239.32,0.02032,0.0204,8e-05
239.47,0.02048,0.02056,8e-05
239.63,0.02056,0.02064,8e-05
239.78,0.02048,0.02064,0.00016
239.93,0.02048,0.02064,0.00016
240.08,0.02016,0.02064,0.00048
240.24,0.02,0.02056,0.00056
240.39,0.02016,0.02032,0.00016
240.54,0.0204,0.02048,8e-05
240.69,0.0204,0.0208,0.0004
240.85,0.02024,0.0208,0.00056
241,0.02032,0.02032,0
241.15,0.0204,0.02,-0.0004
241.3,0.0204,0.02,-0.0004
241.46,0.02032,0.02024,-8e-05
241.61,0.0204,0.02032,-8e-05
241.76,0.0204,0.02048,8e-05
241.91,0.02016,0.02072,0.00056
242.07,0.02,0.0208,0.0008
242.22,0.02016,0.0208,0.00064
242.37,0.02032,0.02064,0.00032
242.52,0.02032,0.02056,0.00024
242.68,0.02016,0.02072,0.00056
242.83,0.02008,0.0208,0.00072
242.98,0.02024,0.02048,0.00024
243.13,0.0204,0.02024,-0.00016
243.29,0.02048,0.02016,-0.00032
243.44,0.02032,0.02048,0.00016
243.59,0.02048,0.02056,8e-05
243.74,0.02048,0.02032,-0.00016
243.9,0.02048,0.02016,-0.00032
244.05,0.02024,0.02016,-8e-05
244.2,0.02016,0.0204,0.00024
244.35,0.02048,0.02048,0
244.5,0.02064,0.02024,-0.0004
244.66,0.02072,0.02008,-0.00064
244.81,0.02064,0.02016,-0.00048
244.96,0.0204,0.02008,-0.00032
245.11,0.02008,0.02016,8e-05
245.27,0.02,0.02016,0.00016
245.42,0.02016,0.02016,0
245.57,0.02024,0.02024,0
245.72,0.02024,0.02016,-8e-05
245.88,0.02016,0.02024,8e-05
246.03,0.02016,0.02032,0.00016
246.18,0.02008,0.02032,0.00024
246.33,0.01992,0.02032,0.0004
246.49,0.02,0.02016,0.00016
246.64,0.02008,0.02024,0.00016
246.79,0.02024,0.02024,0
246.94,0.02008,0.02032,0.00024
247.1,0.02016,0.02048,0.00032
247.25,0.02024,0.02032,8e-05
247.4,0.02048,0.02016,-0.00032
247.55,0.0204,0.02016,-0.00024
247.71,0.02024,0.02032,8e-05
247.86,0.02008,0.02032,0.00024
248.01,0.02016,0.02032,0.00016
248.16,0.0204,0.0204,0
248.32,0.02064,0.0204,-0.00024
248.47,0.02056,0.02024,-0.00032
248.62,0.0204,0.02016,-0.00024
248.77,0.02048,0.02,-0.00048
248.93,0.02056,0.02,-0.00056
249.08,0.02064,0.02008,-0.00056
249.23,0.02056,0.02016,-0.0004
249.38,0.0204,0.02032,-8e-05
249.54,0.02032,0.02048,0.00016
249.69,0.02048,0.02056,8e-05
249.84,0.02048,0.0204,-8e-05
249.99,0.0204,0.02024,-0.00016
250.15,0.02032,0.02032,0
250.3,0.0204,0.02048,8e-05
250.45,0.02048,0.0204,-8e-05
250.6,0.02032,0.02048,0.00016
250.75,0.02024,0.02032,8e-05
250.91,0.02032,0.02024,-8e-05
251.06,0.02048,0.02008,-0.0004
251.21,0.02024,0.02,-0.00024
251.36,0.02,0.01992,-8e-05
251.52,0.01992,0.02,8e-05
251.67,0.02032,0.02032,0
251.82,0.0204,0.02024,-0.00016
251.97,0.02016,0.01984,-0.00032
252.13,0.01992,0.01976,-0.00016
252.28,0.02016,0.02,-0.00016
252.43,0.02056,0.02016,-0.0004
252.58,0.0204,0.02008,-0.00032
252.74,0.02016,0.02016,0
252.89,0.02,0.02024,0.00024
253.04,0.02016,0.02032,0.00016
253.19,0.02016,0.02024,8e-05
253.35,0.02024,0.02024,0
253.5,0.02032,0.02032,0
253.65,0.0204,0.02032,-8e-05
253.8,0.0204,0.02008,-0.00032
253.96,0.02016,0.02008,-8e-05
254.11,0.02,0.0204,0.0004
254.26,0.02024,0.02048,0.00024
254.41,0.02032,0.02032,0
254.57,0.0204,0.02016,-0.00024
254.72,0.02032,0.0204,8e-05
254.87,0.0204,0.02064,0.00024
255.02,0.02048,0.02056,8e-05
255.18,0.02064,0.0204,-0.00024
255.33,0.02056,0.02032,-0.00024
255.48,0.02032,0.02024,-8e-05
255.63,0.02016,0.02056,0.0004
255.79,0.02,0.02064,0.00064
255.94,0.01992,0.02056,0.00064
256.09,0.02008,0.0204,0.00032
256.24,0.02,0.02024,0.00024
256.4,0.01992,0.02032,0.0004
256.55,0.01984,0.02048,0.00064
256.7,0.01984,0.02048,0.00064
256.85,0.02016,0.02048,0.00032
257,0.02016,0.02056,0.0004
257.16,0.02008,0.0204,0.00032
257.31,0.01992,0.02016,0.00024
257.46,0.01984,0.02016,0.00032
257.61,0.02,0.0204,0.0004
257.77,0.0204,0.02064,0.00024
257.92,0.02064,0.02072,8e-05
258.07,0.02088,0.02064,-0.00024
258.22,0.0208,0.02072,-8e-05
258.38,0.0208,0.02056,-0.00024
258.53,0.02048,0.02008,-0.0004
258.68,0.02024,0.01984,-0.0004
258.83,0.02008,0.01992,-0.00016
258.99,0.02032,0.02016,-0.00016
259.14,0.02056,0.02032,-0.00024
259.29,0.0204,0.02024,-0.00016
259.44,0.01992,0.02024,0.00032
259.6,0.01968,0.02056,0.00088
259.75,0.01968,0.02072,0.00104
259.9,0.01992,0.0208,0.00088
260.05,0.02,0.0204,0.0004
260.21,0.02,0.02024,0.00024
260.36,0.02016,0.02008,-8e-05
260.51,0.02016,0.02016,0
260.66,0.02,0.02024,0.00024
260.82,0.01992,0.0204,0.00048
260.97,0.02,0.0204,0.0004
261.12,0.02016,0.02032,0.00016
261.27,0.02024,0.02016,-8e-05
261.43,0.02,0.02,0
261.58,0.01992,0.02008,0.00016
261.73,0.02032,0.02016,-0.00016
261.88,0.02056,0.02024,-0.00032
262.04,0.0204,0.02032,-8e-05
262.19,0.02016,0.02024,8e-05
262.34,0.02024,0.02024,0
262.49,0.0204,0.02,-0.0004
262.65,0.0204,0.01992,-0.00048
262.8,0.02032,0.02,-0.00032
262.95,0.02024,0.02024,0
263.1,0.02016,0.02008,-8e-05
263.25,0.02016,0.02016,0
263.41,0.02016,0.02016,0
263.56,0.02032,0.02016,-0.00016
263.71,0.02056,0.02,-0.00056
263.86,0.02048,0.01992,-0.00056
264.02,0.02016,0.02016,0
264.17,0.02008,0.02032,0.00024
264.32,0.02016,0.02032,0.00016
264.47,0.02048,0.02008,-0.0004
264.63,0.02056,0.02,-0.00056
264.78,0.02032,0.02032,0
264.93,0.02,0.02056,0.00056
265.08,0.01992,0.02032,0.0004
265.24,0.02016,0.02008,-8e-05
265.39,0.02024,0.02008,-0.00016
265.54,0.02032,0.02056,0.00024
265.69,0.02032,0.02072,0.0004
265.85,0.02048,0.0204,-8e-05
266,0.02056,0.02016,-0.0004
266.15,0.02048,0.02032,-0.00016
266.3,0.02048,0.0204,-8e-05
266.46,0.02056,0.02032,-0.00024
266.61,0.02032,0.01992,-0.0004
266.76,0.02008,0.02,-8e-05
266.91,0.02,0.02024,0.00024
267.07,0.02,0.02024,0.00024
267.22,0.02008,0.01992,-0.00016
267.37,0.02024,0.01976,-0.00048
267.52,0.02048,0.01976,-0.00072
267.68,0.0204,0.01984,-0.00056
267.83,0.02008,0.01992,-0.00016
267.98,0.02,0.01992,-8e-05
268.13,0.02016,0.02,-0.00016
268.29,0.02064,0.02,-0.00064
268.44,0.02072,0.01992,-0.0008
268.59,0.02064,0.01976,-0.00088
268.74,0.02056,0.02,-0.00056
268.9,0.0204,0.01992,-0.00048
269.05,0.02032,0.01984,-0.00048
269.2,0.02008,0.01992,-0.00016
269.35,0.02008,0.02,-8e-05
269.5,0.02024,0.02024,0
269.66,0.02056,0.02008,-0.00048
269.81,0.02072,0.02,-0.00072
269.96,0.02072,0.01992,-0.0008
270.11,0.02048,0.01984,-0.00064
270.27,0.02032,0.01976,-0.00056
270.42,0.02056,0.01976,-0.0008
270.57,0.0208,0.01992,-0.00088
270.72,0.0208,0.02,-0.0008
270.88,0.02072,0.02,-0.00072
271.03,0.02064,0.02,-0.00064
271.18,0.0204,0.02,-0.0004
271.33,0.02056,0.02016,-0.0004
271.49,0.02056,0.02024,-0.00032
271.64,0.02064,0.02024,-0.0004
271.79,0.02064,0.02024,-0.0004
271.94,0.02064,0.02016,-0.00048
272.1,0.02048,0.02056,8e-05
272.25,0.0204,0.02064,0.00024
272.4,0.02072,0.0204,-0.00032
272.55,0.0208,0.02032,-0.00048
272.71,0.0208,0.02016,-0.00064
272.86,0.02072,0.02032,-0.0004
273.01,0.02064,0.02024,-0.0004
273.16,0.02096,0.02024,-0.00072
273.32,0.02104,0.02024,-0.0008
273.47,0.02104,0.02008,-0.00096
273.62,0.0208,0.02024,-0.00056
273.77,0.02064,0.0204,-0.00024
273.93,0.02064,0.0204,-0.00024
274.08,0.0208,0.02032,-0.00048
274.23,0.02096,0.02,-0.00096
274.38,0.02088,0.02,-0.00088
274.54,0.0208,0.02032,-0.00048
274.69,0.0208,0.02056,-0.00024
274.84,0.02096,0.0204,-0.00056
274.99,0.02096,0.02008,-0.00088
275.15,0.02096,0.01992,-0.00104
275.3,0.02072,0.02024,-0.00048
275.45,0.02064,0.02056,-8e-05
275.6,0.02056,0.02048,-8e-05
275.75,0.02072,0.02016,-0.00056
275.91,0.02088,0.02024,-0.00064
276.06,0.02104,0.0204,-0.00064
276.21,0.0212,0.0204,-0.0008
276.36,0.0212,0.02016,-0.00104
276.52,0.02104,0.02,-0.00104
276.67,0.02112,0.02008,-0.00104
276.82,0.0212,0.02016,-0.00104
276.97,0.0212,0.02024,-0.00096
277.13,0.02128,0.02048,-0.0008
277.28,0.02136,0.0208,-0.00056
277.43,0.02136,0.02088,-0.00048
277.58,0.02152,0.02072,-0.0008
277.74,0.02136,0.0204,-0.00096
277.89,0.02104,0.0204,-0.00064
278.04,0.02072,0.0204,-0.00032
278.19,0.02072,0.02032,-0.0004
278.35,0.02096,0.0204,-0.00056
278.5,0.0212,0.02032,-0.00088
278.65,0.02128,0.02048,-0.0008
278.8,0.02112,0.0204,-0.00072
278.96,0.02104,0.02048,-0.00056
279.11,0.02104,0.02072,-0.00032
279.26,0.02128,0.0208,-0.00048
279.41,0.0212,0.02072,-0.00048
279.57,0.02104,0.02048,-0.00056
279.72,0.02096,0.02024,-0.00072
279.87,0.02112,0.0204,-0.00072
280.02,0.02128,0.0208,-0.00048
280.18,0.02136,0.02112,-0.00024
280.33,0.02096,0.02104,8e-05
